0.001 0.00102329 0.381973
0.00102329 0.00104713 0.38646
0.00104713 0.00107152 0.376738
0.00107152 0.00109648 0.394187
0.00109648 0.00112202 0.397926
0.00112202 0.00114815 0.39103
0.00114815 0.0011749 0.397428
0.0011749 0.00120226 0.396514
0.00120226 0.00123027 0.396015
0.00123027 0.00125893 0.397345
0.00125893 0.00128825 0.397594
0.00128825 0.00131826 0.412384
0.00131826 0.00134896 0.412966
0.00134896 0.00138038 0.420112
0.00138038 0.00141254 0.411886
0.00141254 0.00144544 0.417536
0.00144544 0.00147911 0.419946
0.00147911 0.00151356 0.413548
0.00151356 0.00154882 0.424516
0.00154882 0.00158489 0.426676
0.00158489 0.00162181 0.443294
0.00162181 0.00165959 0.433573
0.00165959 0.00169824 0.440552
0.00169824 0.0017378 0.442214
0.0017378 0.00177828 0.46332
0.00177828 0.0018197 0.4757
0.0018197 0.00186209 0.50686
0.00186209 0.00190546 0.513258
0.00190546 0.00194984 0.492152
0.00194984 0.00199526 0.474537
0.00199526 0.00204174 0.465563
0.00204174 0.0020893 0.475949
0.0020893 0.00213796 0.478027
0.00213796 0.00218776 0.48509
0.00218776 0.00223872 0.489327
0.00223872 0.00229087 0.481434
0.00229087 0.00234423 0.49074
0.00234423 0.00239883 0.505364
0.00239883 0.00245471 0.514504
0.00245471 0.00251189 0.511928
0.00251189 0.0025704 0.518825
0.0025704 0.00263027 0.543919
0.00263027 0.00269153 0.564775
0.00269153 0.00275423 0.565522
0.00275423 0.00281838 0.608813
0.00281838 0.00288403 0.649362
0.00288403 0.00295121 0.689246
0.00295121 0.00301995 0.715503
0.00301995 0.0030903 0.724726
0.0030903 0.00316228 0.732703
0.00316228 0.00323594 0.750069
0.00323594 0.00331131 0.766937
0.00331131 0.00338844 0.779816
0.00338844 0.00346737 0.791698
0.00346737 0.00354813 0.802001
0.00354813 0.00363078 0.827511
0.00363078 0.00371535 0.859252
0.00371535 0.00380189 0.860083
0.00380189 0.00389045 0.872796
0.00389045 0.00398107 0.8885
0.00398107 0.0040738 0.888168
0.0040738 0.00416869 0.916668
0.00416869 0.0042658 0.927636
0.0042658 0.00436516 0.932206
0.00436516 0.00446684 0.945418
0.00446684 0.00457088 0.93902
0.00457088 0.00467735 0.954807
0.00467735 0.0047863 0.980815
0.0047863 0.00489779 1.12672
0.00489779 0.00501187 1.10205
0.00501187 0.00512861 1.07471
0.00512861 0.00524807 1.08102
0.00524807 0.00537032 1.05369
0.00537032 0.00549541 1.03017
0.00549541 0.00562341 1.01064
0.00562341 0.0057544 1.04014
0.0057544 0.00588844 1.02627
0.00588844 0.0060256 1.02178
0.0060256 0.00616595 1.06441
0.00616595 0.00630957 1.08908
0.00630957 0.00645654 1.10778
0.00645654 0.00660693 1.12864
0.00660693 0.00676083 1.15107
0.00676083 0.00691831 1.20358
0.00691831 0.00707946 1.24571
0.00707946 0.00724436 1.31767
0.00724436 0.0074131 1.42627
0.0074131 0.00758578 1.47646
0.00758578 0.00776247 1.49947
0.00776247 0.00794328 1.54011
0.00794328 0.00812831 1.59927
0.00812831 0.00831764 1.68053
0.00831764 0.00851138 1.71535
0.00851138 0.00870964 1.77318
0.00870964 0.00891251 1.84555
0.00891251 0.00912011 1.89507
0.00912011 0.00933254 1.92806
0.00933254 0.00954993 1.98249
0.00954993 0.00977237 2.02303
0.00977237 0.01 2.06126
0.01 0.0102329 2.11676
0.0102329 0.0104713 2.16396
0.0104713 0.0107152 2.24248
0.0107152 0.0109648 2.32956
0.0109648 0.0112202 2.40551
0.0112202 0.0114815 2.48336
0.0114815 0.011749 2.57485
0.011749 0.0120226 2.62753
0.0120226 0.0123027 2.66492
0.0123027 0.0125893 2.75042
0.0125893 0.0128825 2.81199
0.0128825 0.0131826 2.87738
0.0131826 0.0134896 3.02072
0.0134896 0.0138038 3.18923
0.0138038 0.0141254 3.26916
0.0141254 0.0144544 3.22612
0.0144544 0.0147911 3.26567
0.0147911 0.0151356 3.30398
0.0151356 0.0154882 3.41831
0.0154882 0.0158489 3.5933
0.0158489 0.0162181 3.57444
0.0162181 0.0165959 3.48886
0.0165959 0.0169824 3.49168
0.0169824 0.017378 3.45695
0.017378 0.0177828 3.49027
0.0177828 0.018197 3.52209
0.018197 0.0186209 3.61715
0.0186209 0.0190546 3.7211
0.0190546 0.0194984 3.74827
0.0194984 0.0199526 3.83892
0.0199526 0.0204174 3.9786
0.0204174 0.020893 4.157
0.020893 0.0213796 4.34362
0.0213796 0.0218776 4.48621
0.0218776 0.0223872 4.59132
0.0223872 0.0229087 4.68504
0.0229087 0.0234423 4.83129
0.0234423 0.0239883 5.0101
0.0239883 0.0245471 5.15634
0.0245471 0.0251189 5.35618
0.0251189 0.025704 5.51646
0.025704 0.0263027 5.69278
0.0263027 0.0269153 5.87284
0.0269153 0.0275423 6.01393
0.0275423 0.0281838 6.14306
0.0281838 0.0288403 6.29719
0.0288403 0.0295121 6.45573
0.0295121 0.0301995 6.68648
0.0301995 0.030903 6.80031
0.030903 0.0316228 6.92644
0.0316228 0.0323594 7.04992
0.0323594 0.0331131 7.14739
0.0331131 0.0338844 7.13251
0.0338844 0.0346737 7.10875
0.0346737 0.0354813 7.15478
0.0354813 0.0363078 7.17821
0.0363078 0.0371535 7.07908
0.0371535 0.0380189 6.98976
0.0380189 0.0389045 6.92196
0.0389045 0.0398107 6.88756
0.0398107 0.040738 6.8898
0.040738 0.0416869 6.95378
0.0416869 0.042658 6.95278
0.042658 0.0436516 6.8682
0.0436516 0.0446684 6.67293
0.0446684 0.0457088 6.53276
0.0457088 0.0467735 6.4087
0.0467735 0.047863 6.36233
0.047863 0.0489779 6.37829
0.0489779 0.0501187 6.32519
0.0501187 0.0512861 6.29437
0.0512861 0.0524807 6.17122
0.0524807 0.0537032 6.15328
0.0537032 0.0549541 6.20828
0.0549541 0.0562341 6.14954
0.0562341 0.057544 6.15818
0.057544 0.0588844 6.0416
0.0588844 0.060256 5.92735
0.060256 0.0616595 5.8175
0.0616595 0.0630957 5.78269
0.0630957 0.0645654 5.67924
0.0645654 0.0660693 5.61883
0.0660693 0.0676083 5.56191
0.0676083 0.0691831 5.5261
0.0691831 0.0707946 5.48256
0.0707946 0.0724436 5.43254
0.0724436 0.074131 5.29336
0.074131 0.0758578 5.14853
0.0758578 0.0776247 5.03752
0.0776247 0.0794328 4.91546
0.0794328 0.0812831 4.79846
0.0812831 0.0831764 4.68471
0.0831764 0.0851138 4.58683
0.0851138 0.0870964 4.5108
0.0870964 0.0891251 4.4312
0.0891251 0.0912011 4.33539
0.0912011 0.0933254 4.19273
0.0933254 0.0954993 4.14719
0.0954993 0.0977237 4.04997
0.0977237 0.1 3.95359
0.1 0.102329 3.79048
0.102329 0.104713 3.65811
0.104713 0.107152 3.49127
0.107152 0.109648 3.39272
0.109648 0.112202 3.25204
0.112202 0.114815 3.11636
0.114815 0.11749 2.99895
0.11749 0.120226 2.86077
0.120226 0.123027 2.79271
0.123027 0.125893 2.65503
0.125893 0.128825 2.55748
0.128825 0.131826 2.47306
0.131826 0.134896 2.35565
0.134896 0.138038 2.293
0.138038 0.141254 2.19545
0.141254 0.144544 2.10671
0.144544 0.147911 2.03866
0.147911 0.151356 1.96454
0.151356 0.154882 1.91942
0.154882 0.158489 1.87737
0.158489 0.162181 1.82046
0.162181 0.165959 1.78548
0.165959 0.169824 1.74526
0.169824 0.17378 1.67471
0.17378 0.177828 1.63126
0.177828 0.18197 1.6217
0.18197 0.186209 1.56379
0.186209 0.190546 1.55739
0.190546 0.194984 1.5077
0.194984 0.199526 1.50496
0.199526 0.204174 1.4625
0.204174 0.20893 1.43541
0.20893 0.213796 1.41306
0.213796 0.218776 1.37658
0.218776 0.223872 1.37002
0.223872 0.229087 1.37874
0.229087 0.234423 1.33678
0.234423 0.239883 1.30786
0.239883 0.245471 1.28975
0.245471 0.251189 1.28892
0.251189 0.25704 1.26549
0.25704 0.263027 1.2482
0.263027 0.269153 1.24712
0.269153 0.275423 1.22502
0.275423 0.281838 1.22012
0.281838 0.288403 1.21206
0.288403 0.295121 1.21223
0.295121 0.301995 1.17699
0.301995 0.30903 1.17924
0.30903 0.316228 1.17699
0.316228 0.323594 1.1691
0.323594 0.331131 1.1583
0.331131 0.338844 1.13919
0.338844 0.346737 1.13445
0.346737 0.354813 1.12431
0.354813 0.363078 1.12224
0.363078 0.371535 1.12398
0.371535 0.380189 1.12631
0.380189 0.389045 1.11667
0.389045 0.398107 1.09282
0.398107 0.40738 1.08194
0.40738 0.416869 1.09814
0.416869 0.42658 1.08102
0.42658 0.436516 1.07163
0.436516 0.446684 1.06972
0.446684 0.457088 1.06681
0.457088 0.467735 1.04131
0.467735 0.47863 1.03059
0.47863 0.489779 1.03017
0.489779 0.501187 1.02427
0.501187 0.512861 1.00416
0.512861 0.524807 1.01305
0.524807 0.537032 0.989207
0.537032 0.549541 0.989373
0.549541 0.562341 0.979652
0.562341 0.57544 0.987545
0.57544 0.588844 0.953893
0.588844 0.60256 0.964695
0.60256 0.616595 0.95489
0.616595 0.630957 0.960457
0.630957 0.645654 0.938937
0.645654 0.660693 0.932539
0.660693 0.676083 0.946083
0.676083 0.691831 0.914258
0.691831 0.707946 0.931209
0.707946 0.724436 0.916585
0.724436 0.74131 0.920075
0.74131 0.758578 0.905118
0.758578 0.776247 0.903872
0.776247 0.794328 0.907528
0.794328 0.812831 0.863406
0.812831 0.831764 0.884678
0.831764 0.851138 0.875455
0.851138 0.870964 0.871051
0.870964 0.891251 0.873543
0.891251 0.912011 0.863489
0.912011 0.933254 0.865234
0.933254 0.954993 0.853934
0.954993 0.977237 0.836734
0.977237 1 0.852189
1 1.02329 0.850693
1.02329 1.04713 0.84604
1.04713 1.07152 0.841802
1.07152 1.09648 0.848367
1.09648 1.12202 0.82776
1.12202 1.14815 0.816543
1.14815 1.1749 0.838977
1.1749 1.20226 0.822525
1.20226 1.23027 0.823439
1.23027 1.25893 0.80815
1.25893 1.28825 0.790452
1.28825 1.31826 0.796019
1.31826 1.34896 0.798179
1.34896 1.38038 0.802915
1.38038 1.41254 0.795437
1.41254 1.44544 0.793028
1.44544 1.47911 0.787959
1.47911 1.51356 0.771673
1.51356 1.54882 0.771174
1.54882 1.58489 0.783721
1.58489 1.62181 0.769596
1.62181 1.65959 0.781478
1.65959 1.69824 0.766854
1.69824 1.7378 0.780564
1.7378 1.77828 0.784718
1.77828 1.8197 0.758461
1.8197 1.86209 0.749404
1.86209 1.90546 0.753642
1.90546 1.94984 0.758461
1.94984 1.99526 0.758295
1.99526 2.04174 0.747244
2.04174 2.0893 0.75547
2.0893 2.13796 0.760123
2.13796 2.18776 0.768682
2.18776 2.23872 0.756052
2.23872 2.29087 0.751897
2.29087 2.34423 0.754224
2.34423 2.39883 0.771258
2.39883 2.45471 0.766937
2.45471 2.51189 0.745998
2.51189 2.5704 0.751399
2.5704 2.63027 0.756467
2.63027 2.69153 0.72805
2.69153 2.75423 0.753559
2.75423 2.81838 0.74982
2.81838 2.88403 0.742757
2.88403 2.95121 0.741012
2.95121 3.01995 0.748158
3.01995 3.0903 0.738519
3.0903 3.16228 0.742923
3.16228 3.23594 0.733202
3.23594 3.31131 0.741261
3.31131 3.38844 0.745167
3.38844 3.46737 0.750152
3.46737 3.54813 0.729712
3.54813 3.63078 0.738769
3.63078 3.71535 0.737273
3.71535 3.80189 0.742175
3.80189 3.89045 0.746995
3.89045 3.98107 0.755304
3.98107 4.0738 0.737273
4.0738 4.16869 0.741178
4.16869 4.2658 0.751897
4.2658 4.36516 0.744585
4.36516 4.46684 0.747826
4.46684 4.57088 0.738104
4.57088 4.67735 0.757797
4.67735 4.7863 0.744917
4.7863 4.89779 0.745582
4.89779 5.01187 0.7568
5.01187 5.12861 0.757797
5.12861 5.24807 0.765358
5.24807 5.37032 0.750318
5.37032 5.49541 0.758877
5.49541 5.62341 0.761619
5.62341 5.7544 0.768599
5.7544 5.88844 0.770759
5.88844 6.0256 0.770011
6.0256 6.16595 0.775163
6.16595 6.30957 0.787627
6.30957 6.45654 0.787544
6.45654 6.60693 0.774747
6.60693 6.76083 0.781395
6.76083 6.91831 0.773833
6.91831 7.07946 0.793443
7.07946 7.24436 0.784801
7.24436 7.4131 0.790618
7.4131 7.58578 0.805907
7.58578 7.76247 0.819035
7.76247 7.94328 0.790202
7.94328 8.12831 0.810975
8.12831 8.31764 0.802999
8.31764 8.51138 0.807402
8.51138 8.70964 0.815878
8.70964 8.91251 0.816875
8.91251 9.12011 0.821528
9.12011 9.33254 0.818204
9.33254 9.54993 0.810892
9.54993 9.77237 0.810809
9.77237 10 0.829006
10 10.2329 0.820531
10.2329 10.4713 0.834075
10.4713 10.7152 0.818371
10.7152 10.9648 0.813717
10.9648 11.2202 0.832247
11.2202 11.4815 0.837149
11.4815 11.749 0.856925
11.749 12.0226 0.831582
12.0226 12.3027 0.857091
12.3027 12.5893 0.838645
12.5893 12.8825 0.844461
12.8825 13.1826 0.855596
13.1826 13.4896 0.871632
13.4896 13.8038 0.868973
13.8038 14.1254 0.859418
14.1254 14.4544 0.867062
14.4544 14.7911 0.877116
14.7911 15.1356 0.88501
15.1356 15.4882 0.863572
15.4882 15.8489 0.876285
15.8489 16.2181 0.893735
16.2181 16.5959 0.88634
16.5959 16.9824 0.887586
16.9824 17.378 0.899385
17.378 17.7828 0.893901
17.7828 18.197 0.899385
18.197 18.6209 0.898554
18.6209 19.0546 0.895397
19.0546 19.4984 0.927221
19.4984 19.9526 0.917582
19.9526 20.4174 0.918081
20.4174 20.893 0.932289
20.893 21.3796 0.936776
21.3796 21.8776 0.937856
21.8776 22.3872 0.941346
22.3872 22.9087 0.927304
22.9087 23.4423 0.939186
23.4423 23.9883 0.946913
23.9883 24.5471 0.955056
24.5471 25.1189 0.963781
25.1189 25.704 0.944587
25.704 26.3027 0.97317
26.3027 26.9153 0.961538
26.9153 27.5423 0.957051
27.5423 28.1838 0.988875
28.1838 28.8403 0.974832
28.8403 29.5121 0.988958
29.5121 30.1995 0.980566
30.1995 30.903 0.97558
30.903 31.6228 0.982975
31.6228 32.3594 0.991035
32.3594 33.1131 1.00674
33.1131 33.8844 1.00042
33.8844 34.6737 0.995273
34.6737 35.4813 1.00882
35.4813 36.3078 1.02203
36.3078 37.1535 1.01214
37.1535 38.0189 1.02452
38.0189 38.9045 1.00799
38.9045 39.8107 1.01173
39.8107 40.738 1.03034
40.738 41.6869 1.031
41.6869 42.658 1.02876
42.658 43.6516 1.03956
43.6516 44.6684 1.03574
44.6684 45.7088 1.05842
45.7088 46.7735 1.03989
46.7735 47.863 1.03499
47.863 48.9779 1.08293
48.9779 50.1187 1.07537
50.1187 51.2861 1.07089
51.2861 52.4807 1.1013
52.4807 53.7032 1.15738
53.7032 54.9541 1.10728
54.9541 56.2341 1.12822
56.2341 57.544 1.11858
57.544 58.8844 1.10695
58.8844 60.256 1.1352
60.256 61.6595 1.14218
61.6595 63.0957 1.13495
63.0957 64.5654 1.11767
64.5654 66.0693 1.12382
66.0693 67.6083 1.10961
67.6083 69.1831 1.11102
69.1831 70.7946 1.09033
70.7946 72.4436 1.10836
72.4436 74.131 1.10454
74.131 75.8578 1.10013
75.8578 77.6247 1.08925
77.6247 79.4328 1.09772
79.4328 81.2831 1.11135
81.2831 83.1764 1.11875
83.1764 85.1138 1.11318
85.1138 87.0964 1.1308
87.0964 89.1251 1.13927
89.1251 91.2011 1.13096
91.2011 93.3254 1.1352
93.3254 95.4993 1.12689
95.4993 97.7237 1.13237
97.7237 100 1.13462
100 102.329 1.14052
102.329 104.713 1.12764
104.713 107.152 1.13005
107.152 109.648 1.14392
109.648 112.202 1.16918
112.202 114.815 1.17425
114.815 117.49 1.15065
117.49 120.226 1.15107
120.226 123.027 1.14584
123.027 125.893 1.15913
125.893 128.825 1.19669
128.825 131.826 1.1691
131.826 134.896 1.17824
134.896 138.038 1.17151
138.038 141.254 1.18073
141.254 144.544 1.19453
144.544 147.911 1.17832
147.911 151.356 1.19744
151.356 154.882 1.2251
154.882 158.489 1.22909
158.489 162.181 1.21164
162.181 165.959 1.21613
165.959 169.824 1.19943
169.824 173.78 1.20466
173.78 177.828 1.20682
177.828 181.97 1.19827
181.97 186.209 1.18938
186.209 190.546 1.19594
190.546 194.984 1.18746
194.984 199.526 1.1863
199.526 204.174 1.17184
204.174 208.93 1.18472
208.93 213.796 1.19287
213.796 218.776 1.1696
218.776 223.872 1.17359
223.872 229.087 1.17832
229.087 234.423 1.17816
234.423 239.883 1.17849
239.883 245.471 1.16387
245.471 251.189 1.1686
251.189 257.04 1.17567
257.04 263.027 1.16362
263.027 269.153 1.16146
269.153 275.423 1.15514
275.423 281.838 1.16495
281.838 288.403 1.16328
288.403 295.121 1.15232
295.121 301.995 1.16885
301.995 309.03 1.15847
309.03 316.228 1.15456
316.228 323.594 1.15331
323.594 331.131 1.16511
331.131 338.844 1.14376
338.844 346.737 1.12556
346.737 354.813 1.15356
354.813 363.078 1.15606
363.078 371.535 1.15988
371.535 380.189 1.1691
380.189 389.045 1.17716
389.045 398.107 1.19203
398.107 407.38 1.18564
407.38 416.869 1.20109
416.869 426.58 1.17741
426.58 436.516 1.18464
436.516 446.684 1.18539
446.684 457.088 1.17583
457.088 467.735 1.17076
467.735 478.63 1.17218
478.63 489.779 1.14924
489.779 501.187 1.13994
501.187 512.861 1.14176
512.861 524.807 1.1239
524.807 537.032 1.1367
537.032 549.541 1.12722
549.541 562.341 1.13578
562.341 575.44 1.10121
575.44 588.844 1.10371
588.844 602.56 1.08991
602.56 616.595 1.08867
616.595 630.957 1.07006
630.957 645.654 1.0959
645.654 660.693 1.08352
660.693 676.083 1.10354
676.083 691.831 1.09
691.831 707.946 1.09939
707.946 724.436 1.06615
724.436 741.31 1.07388
741.31 758.578 1.05892
758.578 776.247 1.04995
776.247 794.328 1.05934
794.328 812.831 1.05028
812.831 831.764 1.03923
831.764 851.138 1.04189
851.138 870.964 1.02427
870.964 891.251 1.02386
891.251 912.011 1.02244
912.011 933.254 1.01206
933.254 954.993 1.01438
954.993 977.237 0.999427
977.237 1000 0.987795
1000 1023.29 0.986631
1023.29 1047.13 0.976827
1047.13 1071.52 0.987213
1071.52 1096.48 0.978239
1096.48 1122.02 0.974334
1122.02 1148.15 0.975829
1148.15 1174.9 0.976743
1174.9 1202.26 0.974001
1202.26 1230.27 0.952647
1230.27 1258.93 0.963532
1258.93 1288.25 0.969265
1288.25 1318.26 0.972589
1318.26 1348.96 0.965194
1348.96 1380.38 0.966357
1380.38 1412.54 0.932206
1412.54 1445.44 0.927221
1445.44 1479.11 0.937109
1479.11 1513.56 0.947495
1513.56 1548.82 0.947163
1548.82 1584.89 0.936195
1584.89 1621.81 0.903124
1621.81 1659.59 0.913012
1659.59 1698.24 0.899717
1698.24 1737.8 0.898222
1737.8 1778.28 0.899634
1778.28 1819.7 0.868392
1819.7 1862.09 0.866647
1862.09 1905.46 0.875953
1905.46 1949.84 0.873959
1949.84 1995.26 0.868392
1995.26 2041.74 0.850361
2041.74 2089.3 0.852854
2089.3 2137.96 0.847785
2137.96 2187.76 0.82668
2187.76 2238.72 0.833909
2238.72 2290.87 0.831499
2290.87 2344.23 0.818121
2344.23 2398.83 0.80491
2398.83 2454.71 0.810892
2454.71 2511.89 0.800589
2511.89 2570.4 0.820946
2570.4 2630.27 0.797598
2630.27 2691.53 0.797182
2691.53 2754.23 0.79793
2754.23 2818.38 0.780148
2818.38 2884.03 0.775246
2884.03 2951.21 0.761702
2951.21 3019.95 0.761037
3019.95 3090.3 0.773252
3090.3 3162.28 0.757797
3162.28 3235.94 0.749404
3235.94 3311.31 0.752894
3311.31 3388.44 0.742342
3388.44 3467.37 0.743754
3467.37 3548.13 0.730127
3548.13 3630.78 0.71891
3630.78 3715.35 0.716002
3715.35 3801.89 0.708939
3801.89 3890.45 0.714423
3890.45 3981.07 0.701876
3981.07 4073.8 0.6993
4073.8 4168.69 0.698802
4168.69 4265.8 0.696309
4265.8 4365.16 0.678361
4365.16 4466.84 0.66839
4466.84 4570.88 0.671797
4570.88 4677.35 0.664402
4677.35 4786.3 0.669387
4786.3 4897.79 0.660662
4897.79 5011.87 0.65011
5011.87 5128.61 0.652187
5128.61 5248.07 0.660829
5248.07 5370.32 0.64097
5370.32 5495.41 0.633325
5495.41 5623.41 0.63183
5623.41 5754.4 0.632245
5754.4 5888.44 0.621942
5888.44 6025.6 0.641302
6025.6 6165.95 0.644792
6165.95 6309.57 0.651855
6309.57 6456.54 0.664069
6456.54 6606.93 0.742923
6606.93 6760.83 0.811972
6760.83 6918.31 0.817872
6918.31 7079.46 0.768349
7079.46 7244.36 0.752479
7244.36 7413.1 0.674705
7413.1 7585.78 0.623687
7585.78 7762.47 0.621277
7762.47 7943.28 0.628506
7943.28 8128.31 0.611721
8128.31 8317.64 0.602166
8317.64 8511.38 0.581891
8511.38 8709.64 0.570591
8709.64 8912.51 0.573832
8912.51 9120.11 0.581808
9120.11 9332.54 0.556382
9332.54 9549.93 0.558044
9549.93 9772.37 0.557462
9772.37 10000 0.541093
10000 10232.9 0.536025
10232.9 10471.3 0.518659
10471.3 10715.2 0.520404
10715.2 10964.8 0.505779
10964.8 11220.2 0.507691
11220.2 11481.5 0.499215
11481.5 11749 0.494479
11749 12022.6 0.489992
12022.6 12302.7 0.487499
12302.7 12589.3 0.482015
12589.3 12882.5 0.484176
12882.5 13182.6 0.482348
13182.6 13489.6 0.48052
13489.6 13803.8 0.461741
13803.8 14125.4 0.465231
14125.4 14454.4 0.450523
14454.4 14791.1 0.459165
14791.1 15135.6 0.459747
15135.6 15488.2 0.446036
15488.2 15848.9 0.445206
15848.9 16218.1 0.438392
16218.1 16595.9 0.437977
16595.9 16982.4 0.437478
16982.4 17378 0.428504
17378 17782.8 0.429003
17782.8 18197 0.414794
18197 18620.9 0.418782
18620.9 19054.6 0.411886
19054.6 19498.4 0.416622
19498.4 19952.6 0.418782
19952.6 20417.4 0.393938
20417.4 20893 0.399588
20893 21379.6 0.395849
21379.6 21877.6 0.385961
21877.6 22387.2 0.406568
22387.2 22908.7 0.397095
22908.7 23442.3 0.383718
23442.3 23988.3 0.375159
23988.3 24547.1 0.382388
24547.1 25118.9 0.373331
25118.9 25704 0.377403
25704 26302.7 0.364108
26302.7 26915.3 0.378732
26915.3 27542.3 0.372417
27542.3 28183.8 0.370922
28183.8 28840.3 0.362197
28840.3 29512.1 0.357128
29512.1 30199.5 0.361615
30199.5 30903 0.357211
30903 31622.8 0.353389
31622.8 32359.4 0.349235
32359.4 33113.1 0.340759
33113.1 33884.4 0.33029
33884.4 34673.7 0.339762
34673.7 35481.3 0.342006
35481.3 36307.8 0.349318
36307.8 37153.5 0.354386
37153.5 38018.9 0.348653
38018.9 38904.5 0.35098
38904.5 39810.7 0.345745
39810.7 40738 0.360203
40738 41686.9 0.345329
41686.9 42658 0.354303
42658 43651.6 0.344166
43651.6 44668.4 0.333281
44668.4 45708.8 0.328379
45708.8 46773.5 0.331619
46773.5 47863 0.325138
47863 48977.9 0.310597
48977.9 50118.7 0.319072
50118.7 51286.1 0.309267
51286.1 52480.7 0.302786
52480.7 53703.2 0.304282
53703.2 54954.1 0.292815
54954.1 56234.1 0.30395
56234.1 57544 0.288328
57544 58884.4 0.290904
58884.4 60256 0.294394
60256 61659.5 0.287913
61659.5 63095.7 0.280601
63095.7 64565.4 0.280518
64565.4 66069.3 0.279354
66069.3 67608.3 0.283177
67608.3 69183.1 0.266143
69183.1 70794.6 0.278274
70794.6 72443.6 0.265229
72443.6 74131 0.261407
74131 75857.8 0.272956
75857.8 77624.7 0.265395
77624.7 79432.8 0.251436
79432.8 81283.1 0.265063
81283.1 83176.4 0.255507
83176.4 85113.8 0.247198
85113.8 87096.4 0.251602
87096.4 89125.1 0.256338
89125.1 91201.1 0.257834
91201.1 93325.4 0.252267
93325.4 95499.3 0.255258
95499.3 97723.7 0.250439
97723.7 100000 0.25908
100000 102329 0.250189
102329 104713 0.260326
104713 107152 0.254925
107152 109648 0.257086
109648 112202 0.264896
112202 114815 0.252183
114815 117490 0.25102
117490 120226 0.242462
120226 123027 0.249441
123027 125893 0.249857
125893 128825 0.246782
128825 131826 0.24321
131826 134896 0.241298
134896 138038 0.238889
138038 141254 0.227588
141254 144544 0.237393
144544 147911 0.229915
147911 151356 0.244207
151356 154882 0.232491
154882 158489 0.228004
158489 162181 0.245702
162181 165959 0.249691
165959 169824 0.239304
169824 173780 0.230746
173780 177828 0.239387
177828 181970 0.239387
181970 186209 0.232989
186209 190546 0.242462
190546 194984 0.229915
194984 199526 0.221689
199526 204174 0.235482
204174 208930 0.249857
208930 213796 0.264564
213796 218776 0.277859
218776 223872 0.298632
223872 229087 0.318158
229087 234423 0.332699
234423 239883 0.347157
239883 245471 0.373248
245471 251189 0.381973
251189 257040 0.395018
257040 263027 0.393356
263027 269153 0.3956
269153 275423 0.409061
275423 281838 0.489244
281838 288403 0.595352
288403 295121 0.691822
295121 301995 0.745001
301995 309030 0.806156
309030 316228 0.929797
316228 323594 0.928384
323594 331131 0.860332
331131 338844 0.797515
338844 346737 0.870552
346737 354813 1.05236
354813 363078 1.22128
363078 371535 1.30595
371535 380189 1.19727
380189 389045 1.05701
389045 398107 1.10587
398107 407380 1.32847
407380 416869 1.77334
416869 426580 2.44996
426580 436516 3.0552
436516 446684 3.37211
446684 457088 3.5078
457088 467735 3.73697
467735 478630 3.58208
478630 489779 2.76031
489779 501187 2.03633
501187 512861 1.94942
512861 524807 2.67863
524807 537032 3.12192
537032 549541 3.11511
549541 562341 3.22172
562341 575440 3.41756
575440 588844 3.38582
588844 602560 3.29035
602560 616595 3.46493
616595 630957 3.81283
630957 645654 4.08072
645654 660693 4.01233
660693 676083 3.6459
676083 691831 3.52517
691831 707946 3.72176
707946 724436 3.98624
724436 741310 3.62139
741310 758578 3.07049
758578 776247 2.8901
776247 794328 3.16264
794328 812831 3.89542
812831 831764 4.51703
831764 851138 5.02506
851138 870964 5.08879
870964 891251 4.40278
891251 912011 3.47224
912011 933254 2.8778
933254 954993 2.90962
954993 977237 3.36837
977237 1e+06 4.01449
1e+06 1.02329e+06 4.57046
1.02329e+06 1.04713e+06 4.85497
1.04713e+06 1.07152e+06 4.41317
1.07152e+06 1.09648e+06 3.80668
1.09648e+06 1.12202e+06 3.80003
1.12202e+06 1.14815e+06 4.17312
1.14815e+06 1.1749e+06 4.39589
1.1749e+06 1.20226e+06 4.08371
1.20226e+06 1.23027e+06 3.73231
1.23027e+06 1.25893e+06 3.63601
1.25893e+06 1.28825e+06 3.81682
1.28825e+06 1.31826e+06 4.03784
1.31826e+06 1.34896e+06 4.00245
1.34896e+06 1.38038e+06 3.97544
1.38038e+06 1.41254e+06 4.04183
1.41254e+06 1.44544e+06 4.26385
1.44544e+06 1.47911e+06 4.49044
1.47911e+06 1.51356e+06 4.48787
1.51356e+06 1.54882e+06 4.08105
1.54882e+06 1.58489e+06 3.32101
1.58489e+06 1.62181e+06 2.56621
1.62181e+06 1.65959e+06 2.58008
1.65959e+06 1.69824e+06 3.16098
1.69824e+06 1.7378e+06 3.99447
1.7378e+06 1.77828e+06 4.45671
1.77828e+06 1.8197e+06 4.19082
1.8197e+06 1.86209e+06 3.57893
1.86209e+06 1.90546e+06 3.34403
1.90546e+06 1.94984e+06 3.26675
1.94984e+06 1.99526e+06 2.96347
1.99526e+06 2.04174e+06 2.81315
2.04174e+06 2.0893e+06 2.87838
2.0893e+06 2.13796e+06 2.99504
2.13796e+06 2.18776e+06 3.03036
2.18776e+06 2.23872e+06 3.0041
2.23872e+06 2.29087e+06 3.08312
2.29087e+06 2.34423e+06 3.22969
2.34423e+06 2.39883e+06 3.21482
2.39883e+06 2.45471e+06 3.01723
2.45471e+06 2.51189e+06 2.75167
2.51189e+06 2.5704e+06 2.61556
2.5704e+06 2.63027e+06 2.46193
2.63027e+06 2.69153e+06 2.47065
2.69153e+06 2.75423e+06 2.38257
2.75423e+06 2.81838e+06 2.20542
2.81838e+06 2.88403e+06 2.35
2.88403e+06 2.95121e+06 2.78283
2.95121e+06 3.01995e+06 2.83077
3.01995e+06 3.0903e+06 2.17069
3.0903e+06 3.16228e+06 1.44546
3.16228e+06 3.23594e+06 1.09615
3.23594e+06 3.31131e+06 1.05909
3.31131e+06 3.38844e+06 1.24604
3.38844e+06 3.46737e+06 1.5524
3.46737e+06 3.54813e+06 1.8694
3.54813e+06 3.63078e+06 2.18606
3.63078e+06 3.71535e+06 2.41539
3.71535e+06 3.80189e+06 2.581
3.80189e+06 3.89045e+06 2.64082
3.89045e+06 3.98107e+06 2.62462
3.98107e+06 4.0738e+06 2.71685
4.0738e+06 4.16869e+06 2.79346
4.16869e+06 4.2658e+06 2.75757
4.2658e+06 4.36516e+06 2.52233
4.36516e+06 4.46684e+06 2.3112
4.46684e+06 4.57088e+06 2.13521
4.57088e+06 4.67735e+06 1.99096
4.67735e+06 4.7863e+06 1.87098
4.7863e+06 4.89779e+06 1.73545
4.89779e+06 5.01187e+06 1.68709
5.01187e+06 5.12861e+06 1.67247
5.12861e+06 5.24807e+06 1.69216
5.24807e+06 5.37032e+06 1.72582
5.37032e+06 5.49541e+06 1.72307
5.49541e+06 5.62341e+06 1.6969
5.62341e+06 5.7544e+06 1.71568
5.7544e+06 5.88844e+06 1.75108
5.88844e+06 6.0256e+06 1.90056
6.0256e+06 6.16595e+06 2.04846
6.16595e+06 6.30957e+06 2.1043
6.30957e+06 6.45654e+06 2.06641
6.45654e+06 6.60693e+06 1.90355
6.60693e+06 6.76083e+06 1.78797
6.76083e+06 6.91831e+06 1.65652
6.91831e+06 7.07946e+06 1.54725
7.07946e+06 7.24436e+06 1.52789
7.24436e+06 7.4131e+06 1.5588
7.4131e+06 7.58578e+06 1.65768
7.58578e+06 7.76247e+06 1.72823
7.76247e+06 7.94328e+06 1.80068
7.94328e+06 8.12831e+06 1.71784
8.12831e+06 8.31764e+06 1.63159
8.31764e+06 8.51138e+06 1.56503
8.51138e+06 8.70964e+06 1.47305
8.70964e+06 8.91251e+06 1.43591
8.91251e+06 9.12011e+06 1.48302
9.12011e+06 9.33254e+06 1.49964
9.33254e+06 9.54993e+06 1.48252
