0.001 0.00102329 0.884428
0.00102329 0.00104713 0.970814
0.00104713 0.00107152 0.946132
0.00107152 0.00109648 0.972185
0.00109648 0.00112202 0.937905
0.00112202 0.00114815 0.947504
0.00114815 0.0011749 0.884428
0.0011749 0.00120226 0.995496
0.00120226 0.00123027 0.939276
0.00123027 0.00125893 1.05172
0.00125893 0.00128825 1.02703
0.00128825 0.00131826 1.0668
0.00131826 0.00134896 1.0668
0.00134896 0.00138038 1.06817
0.00138038 0.00141254 1.13673
0.00141254 0.00144544 1.21352
0.00144544 0.00147911 1.16278
0.00147911 0.00151356 1.17101
0.00151356 0.00154882 1.19569
0.00154882 0.00158489 1.1573
0.00158489 0.00162181 1.2286
0.00162181 0.00165959 1.2094
0.00165959 0.00169824 1.28208
0.00169824 0.0017378 1.16415
0.0017378 0.00177828 1.2574
0.00177828 0.0018197 1.28345
0.0018197 0.00186209 1.34378
0.00186209 0.00190546 1.47405
0.00190546 0.00194984 1.39863
0.00194984 0.00199526 1.46033
0.00199526 0.00204174 1.37395
0.00204174 0.0020893 1.46445
0.0020893 0.00213796 1.46445
0.00213796 0.00218776 1.50558
0.00218776 0.00223872 1.6002
0.00223872 0.00229087 1.67013
0.00229087 0.00234423 1.64271
0.00234423 0.00239883 1.62077
0.00239883 0.00245471 1.61665
0.00245471 0.00251189 1.76063
0.00251189 0.0025704 1.73595
0.0025704 0.00263027 1.8525
0.00263027 0.00269153 1.8237
0.00269153 0.00275423 1.83056
0.00275423 0.00281838 1.86073
0.00281838 0.00288403 2.02116
0.00288403 0.00295121 1.92517
0.00295121 0.00301995 2.01567
0.00301995 0.0030903 2.20216
0.0030903 0.00316228 2.19804
0.00316228 0.00323594 2.29814
0.00323594 0.00331131 2.18433
0.00331131 0.00338844 2.35848
0.00338844 0.00346737 2.46817
0.00346737 0.00354813 2.42155
0.00354813 0.00363078 2.49971
0.00363078 0.00371535 2.6478
0.00371535 0.00380189 2.68482
0.00380189 0.00389045 2.71499
0.00389045 0.00398107 2.93164
0.00398107 0.0040738 2.83291
0.0040738 0.00416869 2.83154
0.00416869 0.0042658 2.94124
0.0042658 0.00436516 2.97415
0.00436516 0.00446684 3.10167
0.00446684 0.00457088 3.16612
0.00457088 0.00467735 3.33889
0.00467735 0.0047863 3.2717
0.0047863 0.00489779 3.41705
0.00489779 0.00501187 3.36631
0.00501187 0.00512861 3.52537
0.00512861 0.00524807 3.49795
0.00524807 0.00537032 3.60902
0.00537032 0.00549541 3.75436
0.00549541 0.00562341 3.91342
0.00562341 0.0057544 4.07797
0.0057544 0.00588844 4.02586
0.00588844 0.0060256 4.22469
0.0060256 0.00616595 4.53184
0.00616595 0.00630957 4.52224
0.00630957 0.00645654 4.61548
0.00645654 0.00660693 4.86093
0.00660693 0.00676083 4.9336
0.00676083 0.00691831 5.23115
0.00691831 0.00707946 5.31068
0.00707946 0.00724436 5.67542
0.00724436 0.0074131 5.74261
0.0074131 0.00758578 5.77278
0.00758578 0.00776247 5.75358
0.00776247 0.00794328 6.1622
0.00794328 0.00812831 6.32675
0.00812831 0.00831764 6.6764
0.00831764 0.00851138 6.88483
0.00851138 0.00870964 7.0384
0.00870964 0.00891251 7.05623
0.00891251 0.00912011 7.46348
0.00912011 0.00933254 7.61568
0.00933254 0.00954993 7.78982
0.00954993 0.00977237 8.02841
0.00977237 0.01 8.20119
0.01 0.0102329 8.59609
0.0102329 0.0104713 8.7908
0.0104713 0.0107152 8.9814
0.0107152 0.0109648 9.30501
0.0109648 0.0112202 9.50795
0.0112202 0.0114815 9.7671
0.0114815 0.011749 10.284
0.011749 0.0120226 10.3883
0.0120226 0.0123027 10.7777
0.0123027 0.0125893 11.0382
0.0125893 0.0128825 11.4427
0.0128825 0.0131826 11.7869
0.0131826 0.0134896 12.1667
0.0134896 0.0138038 12.0982
0.0138038 0.0141254 12.3463
0.0141254 0.0144544 12.7467
0.0144544 0.0147911 13.2664
0.0147911 0.0151356 13.3089
0.0151356 0.0154882 13.5105
0.0154882 0.0158489 14.1083
0.0158489 0.0162181 14.5499
0.0162181 0.0165959 14.5238
0.0165959 0.0169824 15.4617
0.0169824 0.017378 15.6441
0.017378 0.0177828 15.9389
0.0177828 0.018197 16.1802
0.018197 0.0186209 16.955
0.0186209 0.0190546 17.1497
0.0190546 0.0194984 17.5473
0.0194984 0.0199526 17.982
0.0199526 0.0204174 18.5908
0.0204174 0.020893 18.8747
0.020893 0.0213796 19.0255
0.0213796 0.0218776 19.8098
0.0218776 0.0223872 20.0553
0.0223872 0.0229087 20.479
0.0229087 0.0234423 20.6682
0.0234423 0.0239883 21.2263
0.0239883 0.0245471 21.7542
0.0245471 0.0251189 22.2286
0.0251189 0.025704 22.0737
0.025704 0.0263027 22.7264
0.0263027 0.0269153 23.3708
0.0269153 0.0275423 23.4092
0.0275423 0.0281838 23.8192
0.0281838 0.0288403 24.6063
0.0288403 0.0295121 24.8737
0.0295121 0.0301995 25.1836
0.0301995 0.030903 25.3714
0.030903 0.0316228 25.8116
0.0316228 0.0323594 25.6374
0.0323594 0.0331131 26.2572
0.0331131 0.0338844 26.4739
0.0338844 0.0346737 26.7234
0.0346737 0.0354813 26.7509
0.0354813 0.0363078 27.431
0.0363078 0.0371535 27.4639
0.0371535 0.0380189 27.4502
0.0380189 0.0389045 27.7368
0.0389045 0.0398107 27.9232
0.0398107 0.040738 27.8753
0.040738 0.0416869 28.2098
0.0416869 0.042658 28.144
0.042658 0.0436516 28.2606
0.0436516 0.0446684 28.5334
0.0446684 0.0457088 28.3607
0.0457088 0.0467735 28.0494
0.0467735 0.047863 28.4649
0.047863 0.0489779 28.2304
0.0489779 0.0501187 27.9493
0.0501187 0.0512861 27.6956
0.0512861 0.0524807 27.5599
0.0524807 0.0537032 27.5366
0.0537032 0.0549541 27.1622
0.0549541 0.0562341 27.0786
0.0562341 0.057544 26.5123
0.057544 0.0588844 25.9912
0.0588844 0.060256 26.1174
0.060256 0.0616595 25.6429
0.0616595 0.0630957 25.7252
0.0630957 0.0645654 24.8915
0.0645654 0.0660693 24.4966
0.0660693 0.0676083 24.0222
0.0676083 0.0691831 23.6451
0.0691831 0.0707946 23.0184
0.0707946 0.0724436 22.7867
0.0724436 0.074131 22.1518
0.074131 0.0758578 21.4731
0.0758578 0.0776247 21.0768
0.0776247 0.0794328 20.3624
0.0794328 0.0812831 19.8907
0.0812831 0.0831764 19.2997
0.0831764 0.0851138 18.8911
0.0851138 0.0870964 18.1369
0.0870964 0.0891251 17.7256
0.0891251 0.0912011 16.9934
0.0912011 0.0933254 16.4682
0.0933254 0.0954993 15.9403
0.0954993 0.0977237 15.3369
0.0977237 0.1 14.942
0.1 0.102329 14.3497
0.102329 0.104713 13.5448
0.104713 0.107152 13.1951
0.107152 0.109648 12.589
0.109648 0.112202 12.3573
0.112202 0.114815 11.8472
0.114815 0.11749 11.3426
0.11749 0.120226 10.8764
0.120226 0.123027 10.6598
0.123027 0.125893 9.92616
0.125893 0.128825 9.48052
0.128825 0.131826 9.31461
0.131826 0.134896 8.94986
0.134896 0.138038 8.60569
0.138038 0.141254 8.21764
0.141254 0.144544 7.94066
0.144544 0.147911 7.67601
0.147911 0.151356 7.34418
0.151356 0.154882 7.0768
0.154882 0.158489 7.08914
0.158489 0.162181 6.56534
0.162181 0.165959 6.26504
0.165959 0.169824 6.1814
0.169824 0.17378 6.05525
0.17378 0.177828 5.92361
0.177828 0.18197 5.70148
0.18197 0.186209 5.5383
0.186209 0.190546 5.37239
0.190546 0.194984 5.35319
0.194984 0.199526 5.07621
0.199526 0.204174 4.98982
0.204174 0.20893 4.99942
0.20893 0.213796 4.82253
0.213796 0.218776 4.86915
0.218776 0.223872 4.60862
0.223872 0.229087 4.58394
0.229087 0.234423 4.46191
0.234423 0.239883 4.25074
0.239883 0.245471 4.34124
0.245471 0.251189 4.22332
0.251189 0.25704 4.13282
0.25704 0.263027 4.06563
0.263027 0.269153 4.01489
0.269153 0.275423 3.95456
0.275423 0.281838 3.96827
0.281838 0.288403 3.87092
0.288403 0.295121 3.91205
0.295121 0.301995 3.75162
0.301995 0.30903 3.72557
0.30903 0.316228 3.69403
0.316228 0.323594 3.63781
0.323594 0.331131 3.61724
0.331131 0.338844 3.65015
0.338844 0.346737 3.75711
0.346737 0.354813 3.53497
0.354813 0.363078 3.5432
0.363078 0.371535 3.47875
0.371535 0.380189 3.45681
0.380189 0.389045 3.57748
0.389045 0.398107 3.44996
0.398107 0.40738 3.41705
0.40738 0.416869 3.41979
0.416869 0.42658 3.54457
0.42658 0.436516 3.27993
0.436516 0.446684 3.32106
0.446684 0.457088 3.39099
0.457088 0.467735 3.17983
0.467735 0.47863 3.12635
0.47863 0.489779 3.1812
0.489779 0.501187 3.2429
0.501187 0.512861 3.12087
0.512861 0.524807 3.22234
0.524807 0.537032 3.07562
0.537032 0.549541 2.95906
0.549541 0.562341 3.04408
0.562341 0.57544 2.92067
0.57544 0.588844 2.90284
0.588844 0.60256 2.9001
0.60256 0.616595 2.80549
0.616595 0.630957 2.98649
0.630957 0.645654 2.75475
0.645654 0.660693 2.73419
0.660693 0.676083 2.84662
0.676083 0.691831 2.84251
0.691831 0.707946 2.67797
0.707946 0.724436 2.67522
0.724436 0.74131 2.73007
0.74131 0.758578 2.67111
0.758578 0.776247 2.69031
0.776247 0.794328 2.65191
0.794328 0.812831 2.63957
0.812831 0.831764 2.60255
0.831764 0.851138 2.5669
0.851138 0.870964 2.50519
0.870964 0.891251 2.51616
0.891251 0.912011 2.40098
0.912011 0.933254 2.47503
0.933254 0.954993 2.47503
0.954993 0.977237 2.42978
0.977237 1 2.46543
1 1.02329 2.45035
1.02329 1.04713 2.45857
1.04713 1.07152 2.55867
1.07152 1.09648 2.46543
1.09648 1.12202 2.44897
1.12202 1.14815 2.48188
1.14815 1.1749 2.33242
1.1749 1.20226 2.35299
1.20226 1.23027 2.24466
1.23027 1.25893 2.19256
1.25893 1.28825 2.29677
1.28825 1.31826 2.17199
1.31826 1.34896 2.20079
1.34896 1.38038 2.23095
1.38038 1.41254 2.21724
1.41254 1.44544 2.11303
1.44544 1.47911 2.1144
1.47911 1.51356 2.09246
1.51356 1.54882 2.09795
1.54882 1.58489 2.11714
1.58489 1.62181 2.17062
1.62181 1.65959 2.2049
1.65959 1.69824 2.1432
1.69824 1.7378 2.21176
1.7378 1.77828 2.1144
1.77828 1.8197 2.01704
1.8197 1.86209 2.06504
1.86209 1.90546 2.05818
1.90546 1.94984 2.02116
1.94984 1.99526 2.04036
1.99526 2.04174 2.02116
2.04174 2.0893 2.03213
2.0893 2.13796 1.96083
2.13796 2.18776 1.97454
2.18776 2.23872 1.97591
2.23872 2.29087 1.95808
2.29087 2.34423 2.01019
2.34423 2.39883 2.05132
2.39883 2.45471 2.06915
2.45471 2.51189 2.01567
2.51189 2.5704 1.93203
2.5704 2.63027 1.90049
2.63027 2.69153 1.93477
2.69153 2.75423 1.91146
2.75423 2.81838 1.94574
2.81838 2.88403 1.92929
2.88403 2.95121 1.86484
2.95121 3.01995 1.89089
3.01995 3.0903 1.85387
3.0903 3.16228 1.84153
3.16228 3.23594 1.88815
3.23594 3.31131 1.762
3.31131 3.38844 1.90186
3.38844 3.46737 1.82096
3.46737 3.54813 1.7716
3.54813 3.63078 1.79765
3.63078 3.71535 1.77434
3.71535 3.80189 1.79628
3.80189 3.89045 1.76337
3.89045 3.98107 1.72635
3.98107 4.0738 1.76749
4.0738 4.16869 1.73046
4.16869 4.2658 1.7812
4.2658 4.36516 1.74692
4.36516 4.46684 1.80039
4.46684 4.57088 1.77845
4.57088 4.67735 1.68521
4.67735 4.7863 1.6811
4.7863 4.89779 1.68658
4.89779 5.01187 1.71675
5.01187 5.12861 1.78257
5.12861 5.24807 1.73732
5.24807 5.37032 1.70304
5.37032 5.49541 1.74692
5.49541 5.62341 1.68658
5.62341 5.7544 1.7716
5.7544 5.88844 1.6715
5.88844 6.0256 1.68521
6.0256 6.16595 1.69344
6.16595 6.30957 1.75514
6.30957 6.45654 1.69481
6.45654 6.60693 1.69892
6.60693 6.76083 1.72086
6.76083 6.91831 1.63996
6.91831 7.07946 1.67699
7.07946 7.24436 1.62214
7.24436 7.4131 1.64956
7.4131 7.58578 1.71127
7.58578 7.76247 1.79217
7.76247 7.94328 1.77434
7.94328 8.12831 1.66053
8.12831 8.31764 1.69892
8.31764 8.51138 1.55632
8.51138 8.70964 1.762
8.70964 8.91251 1.64819
8.91251 9.12011 1.58786
9.12011 9.33254 1.57963
9.33254 9.54993 1.70167
9.54993 9.77237 1.71401
9.77237 10 1.62899
10 10.2329 1.65642
10.2329 10.4713 1.61254
10.4713 10.7152 1.55769
10.7152 10.9648 1.71675
10.9648 11.2202 1.60157
11.2202 11.4815 1.66602
11.4815 11.749 1.66464
11.749 12.0226 1.62077
12.0226 12.3027 1.68247
12.3027 12.5893 1.65505
12.5893 12.8825 1.73732
12.8825 13.1826 1.73046
13.1826 13.4896 1.6002
13.4896 13.8038 1.67699
13.8038 14.1254 1.61802
14.1254 14.4544 1.65367
14.4544 14.7911 1.5714
14.7911 15.1356 1.62762
15.1356 15.4882 1.62488
15.4882 15.8489 1.72224
15.8489 16.2181 1.60294
16.2181 16.5959 1.63448
16.5959 16.9824 1.59471
16.9824 17.378 1.64133
17.378 17.7828 1.73046
17.7828 18.197 1.67013
18.197 18.6209 1.5906
18.6209 19.0546 1.77297
19.0546 19.4984 1.49187
19.4984 19.9526 1.66876
19.9526 20.4174 1.68521
20.4174 20.893 1.74692
20.893 21.3796 1.67013
21.3796 21.8776 1.73046
21.8776 22.3872 1.72086
22.3872 22.9087 1.68933
22.9087 23.4423 1.72772
23.4423 23.9883 1.73595
23.9883 24.5471 1.72361
24.5471 25.1189 1.7003
25.1189 25.704 1.69481
25.704 26.3027 1.63585
26.3027 26.9153 1.65505
26.9153 27.5423 1.71401
27.5423 28.1838 1.69207
28.1838 28.8403 1.58649
28.8403 29.5121 1.6002
29.5121 30.1995 1.70989
30.1995 30.903 1.68521
30.903 31.6228 1.72086
31.6228 32.3594 1.69344
32.3594 33.1131 1.61117
33.1131 33.8844 1.66602
33.8844 34.6737 1.7716
34.6737 35.4813 1.72361
35.4813 36.3078 1.79217
36.3078 37.1535 1.70989
37.1535 38.0189 1.71264
38.0189 38.9045 1.76474
38.9045 39.8107 1.75789
39.8107 40.738 1.7524
40.738 41.6869 1.67287
41.6869 42.658 1.78942
42.658 43.6516 1.77708
43.6516 44.6684 1.72909
44.6684 45.7088 1.71127
45.7088 46.7735 1.76474
46.7735 47.863 1.72361
47.863 48.9779 1.75926
48.9779 50.1187 1.87307
50.1187 51.2861 1.78257
51.2861 52.4807 1.76474
52.4807 53.7032 1.7812
53.7032 54.9541 1.74829
54.9541 56.2341 1.7812
56.2341 57.544 1.82782
57.544 58.8844 1.80862
58.8844 60.256 1.80177
60.256 61.6595 1.87992
61.6595 63.0957 1.73183
63.0957 64.5654 1.70167
64.5654 66.0693 1.74006
66.0693 67.6083 1.82508
67.6083 69.1831 1.84976
69.1831 70.7946 1.82782
70.7946 72.4436 1.78805
72.4436 74.131 1.66739
74.131 75.8578 1.7003
75.8578 77.6247 1.75514
77.6247 79.4328 1.75103
79.4328 81.2831 1.82645
81.2831 83.1764 1.80588
83.1764 85.1138 1.9142
85.1138 87.0964 1.79628
87.0964 89.1251 1.82508
89.1251 91.2011 1.78531
91.2011 93.3254 1.77983
93.3254 95.4993 1.87581
95.4993 97.7237 1.86895
97.7237 100 1.77708
100 102.329 1.8813
102.329 104.713 1.80451
104.713 107.152 1.86073
107.152 109.648 1.87444
109.648 112.202 1.90323
112.202 114.815 1.85661
114.815 117.49 1.8621
117.49 120.226 1.8525
120.226 123.027 1.86758
123.027 125.893 1.85113
125.893 128.825 1.83742
128.825 131.826 1.91969
131.826 134.896 1.81685
134.896 138.038 1.82508
138.038 141.254 1.97317
141.254 144.544 1.81136
144.544 147.911 1.95534
147.911 151.356 1.91558
151.356 154.882 1.88952
154.882 158.489 1.92517
158.489 162.181 1.94848
162.181 165.959 1.91695
165.959 169.824 1.86621
169.824 173.78 1.83193
173.78 177.828 1.90186
177.828 181.97 1.84016
181.97 186.209 1.87718
186.209 190.546 1.82782
190.546 194.984 1.85387
194.984 199.526 1.83879
199.526 204.174 1.81822
204.174 208.93 1.83467
208.93 213.796 1.76337
213.796 218.776 1.91009
218.776 223.872 1.86347
223.872 229.087 1.83605
229.087 234.423 1.86621
234.423 239.883 1.86073
239.883 245.471 1.84427
245.471 251.189 1.86484
251.189 257.04 1.85387
257.04 263.027 1.85113
263.027 269.153 1.87307
269.153 275.423 1.87855
275.423 281.838 1.83605
281.838 288.403 1.93066
288.403 295.121 2.07738
295.121 301.995 1.96631
301.995 309.03 2.03898
309.03 316.228 2.10343
316.228 323.594 2.19804
323.594 331.131 2.3859
331.131 338.844 2.48874
338.844 346.737 2.49971
346.737 354.813 2.2049
354.813 363.078 2.07052
363.078 371.535 1.99922
371.535 380.189 1.87718
380.189 389.045 1.96083
389.045 398.107 2.0952
398.107 407.38 2.06915
407.38 416.869 1.87033
416.869 426.58 1.96357
426.58 436.516 1.87992
436.516 446.684 1.79491
446.684 457.088 1.83193
457.088 467.735 1.96083
467.735 478.63 1.8717
478.63 489.779 1.84427
489.779 501.187 1.72772
501.187 512.861 1.78394
512.861 524.807 1.79902
524.807 537.032 1.70304
537.032 549.541 1.62625
549.541 562.341 1.69755
562.341 575.44 1.76886
575.44 588.844 1.68247
588.844 602.56 1.63585
602.56 616.595 1.70578
616.595 630.957 1.63585
630.957 645.654 1.72772
645.654 660.693 1.74143
660.693 676.083 1.7428
676.083 691.831 1.69344
691.831 707.946 1.7524
707.946 724.436 1.63174
724.436 741.31 1.63174
741.31 758.578 1.66876
758.578 776.247 1.65779
776.247 794.328 1.65093
794.328 812.831 1.5618
812.831 831.764 1.62077
831.764 851.138 1.64133
851.138 870.964 1.58374
870.964 891.251 1.65642
891.251 912.011 1.57277
912.011 933.254 1.63996
933.254 954.993 1.57826
954.993 977.237 1.62899
977.237 1000 1.62214
1000 1023.29 1.52067
1023.29 1047.13 1.61939
1047.13 1071.52 1.6715
1071.52 1096.48 1.76063
1096.48 1122.02 1.68933
1122.02 1148.15 1.57277
1148.15 1174.9 1.60705
1174.9 1202.26 1.54398
1202.26 1230.27 1.52067
1230.27 1258.93 1.56455
1258.93 1288.25 1.4905
1288.25 1318.26 1.54398
1318.26 1348.96 1.49187
1348.96 1380.38 1.41646
1380.38 1412.54 1.49187
1412.54 1445.44 1.48227
1445.44 1479.11 1.5001
1479.11 1513.56 1.43565
1513.56 1548.82 1.43291
1548.82 1584.89 1.38903
1584.89 1621.81 1.44388
1621.81 1659.59 1.37943
1659.59 1698.24 1.43154
1698.24 1737.8 1.41783
1737.8 1778.28 1.41234
1778.28 1819.7 1.32047
1819.7 1862.09 1.37806
1862.09 1905.46 1.31499
1905.46 1949.84 1.26974
1949.84 1995.26 1.31224
1995.26 2041.74 1.30676
2041.74 2089.3 1.40549
2089.3 2137.96 1.3191
2137.96 2187.76 1.3287
2187.76 2238.72 1.34241
2238.72 2290.87 1.26562
2290.87 2344.23 1.3287
2344.23 2398.83 1.29168
2398.83 2454.71 1.19569
2454.71 2511.89 1.28756
2511.89 2570.4 1.18198
2570.4 2630.27 1.21215
2630.27 2691.53 1.20255
2691.53 2754.23 1.18609
2754.23 2818.38 1.23409
2818.38 2884.03 1.24917
2884.03 2951.21 1.14633
2951.21 3019.95 1.29579
3019.95 3090.3 1.23957
3090.3 3162.28 1.17924
3162.28 3235.94 1.22312
3235.94 3311.31 1.27111
3311.31 3388.44 1.20255
3388.44 3467.37 1.22449
3467.37 3548.13 1.21215
3548.13 3630.78 1.12713
3630.78 3715.35 1.1477
3715.35 3801.89 1.16415
3801.89 3890.45 1.08051
3890.45 3981.07 1.18472
3981.07 4073.8 1.06406
4073.8 4168.69 1.12028
4168.69 4265.8 1.15593
4265.8 4365.16 1.16278
4365.16 4466.84 1.09834
4466.84 4570.88 0.995496
4570.88 4677.35 1.03526
4677.35 4786.3 1.06268
4786.3 4897.79 1.04897
4897.79 5011.87 1.00372
5011.87 5128.61 1.08051
5128.61 5248.07 0.996867
5248.07 5370.32 1.07503
5370.32 5495.41 1.04212
5495.41 5623.41 1.06543
5623.41 5754.4 1.18061
5754.4 5888.44 1.67013
5888.44 6025.6 1.60843
6025.6 6165.95 1.04212
6165.95 6309.57 1.08462
6309.57 6456.54 1.06543
6456.54 6606.93 1.0476
6606.93 6760.83 1.04623
6760.83 6918.31 1.11616
6918.31 7079.46 1.06131
7079.46 7244.36 1.05309
7244.36 7413.1 1.0284
7413.1 7585.78 0.974928
7585.78 7762.47 0.983155
7762.47 7943.28 0.97767
7943.28 8128.31 0.97767
8128.31 8317.64 0.926936
8317.64 8511.38 0.857004
8511.38 8709.64 0.947504
8709.64 8912.51 0.866602
8912.51 9120.11 0.913223
9120.11 9332.54 0.888542
9332.54 9549.93 0.867974
9549.93 9772.37 0.800785
9772.37 10000 0.839178
10000 10232.9 0.835065
10232.9 10471.3 0.811754
10471.3 10715.2 0.799413
10715.2 10964.8 0.807641
10964.8 11220.2 0.76102
11220.2 11481.5 0.787073
11481.5 11749 0.737709
11749 12022.6 0.755535
12022.6 12302.7 0.802156
12302.7 12589.3 0.710285
12589.3 12882.5 0.754164
12882.5 13182.6 0.655437
13182.6 13489.6 0.702058
13489.6 13803.8 0.717141
13803.8 14125.4 0.737709
14125.4 14454.4 0.748679
14454.4 14791.1 0.734967
14791.1 15135.6 0.656808
15135.6 15488.2 0.665035
15488.2 15848.9 0.707543
15848.9 16218.1 0.655437
16218.1 16595.9 0.656808
16595.9 16982.4 0.69383
16982.4 17378 0.626641
17378 17782.8 0.645838
17782.8 18197 0.662293
18197 18620.9 0.663664
18620.9 19054.6 0.67052
19054.6 19498.4 0.619785
19498.4 19952.6 0.643096
19952.6 20417.4 0.597846
20417.4 20893 0.608816
20893 21379.6 0.660922
21379.6 21877.6 0.628013
21877.6 22387.2 0.621157
22387.2 22908.7 0.573164
22908.7 23442.3 0.634869
23442.3 23988.3 0.617043
23988.3 24547.1 0.593732
24547.1 25118.9 0.569051
25118.9 25704 0.55671
25704 26302.7 0.611558
26302.7 26915.3 0.593732
26915.3 27542.3 0.549854
27542.3 28183.8 0.534771
28183.8 28840.3 0.566308
28840.3 29512.1 0.586876
29512.1 30199.5 0.595104
30199.5 30903 0.592361
30903 31622.8 0.621157
31622.8 32359.4 0.618414
32359.4 33113.1 0.573164
33113.1 33884.4 0.58002
33884.4 34673.7 0.608816
34673.7 35481.3 0.553967
35481.3 36307.8 0.525172
36307.8 37153.5 0.577278
37153.5 38018.9 0.603331
38018.9 38904.5 0.527914
38904.5 39810.7 0.510089
39810.7 40738 0.519687
40738 41686.9 0.574536
41686.9 42658 0.493634
42658 43651.6 0.51146
43651.6 44668.4 0.526543
44668.4 45708.8 0.566308
45708.8 46773.5 0.479922
46773.5 47863 0.444271
47863 48977.9 0.482665
48977.9 50118.7 0.452498
50118.7 51286.1 0.453869
51286.1 52480.7 0.418218
52480.7 53703.2 0.429188
53703.2 54954.1 0.474437
54954.1 56234.1 0.43193
56234.1 57544 0.441528
57544 58884.4 0.438786
58884.4 60256 0.434672
60256 61659.5 0.474437
61659.5 63095.7 0.412733
63095.7 64565.4 0.427816
64565.4 66069.3 0.437415
66069.3 67608.3 0.460725
67608.3 69183.1 0.4429
69183.1 70794.6 0.422332
70794.6 72443.6 0.423703
72443.6 74131 0.43193
74131 75857.8 0.414104
75857.8 77624.7 0.393536
77624.7 79432.8 0.382567
79432.8 81283.1 0.444271
81283.1 83176.4 0.389423
83176.4 85113.8 0.400392
85113.8 87096.4 0.409991
87096.4 89125.1 0.392165
89125.1 91201.1 0.433301
91201.1 93325.4 0.422332
93325.4 95499.3 0.4429
95499.3 97723.7 0.400392
97723.7 100000 0.427816
100000 102329 0.360627
102329 104713 0.385309
104713 107152 0.377082
107152 109648 0.385309
109648 112202 0.393536
112202 114815 0.379824
114815 117490 0.411362
117490 120226 0.451127
120226 123027 0.375711
123027 125893 0.368855
125893 128825 0.370226
128825 131826 0.375711
131826 134896 0.356514
134896 138038 0.351029
138038 141254 0.344173
141254 144544 0.324976
144544 147911 0.357885
147911 151356 0.388051
151356 154882 0.34143
154882 158489 0.333203
158489 162181 0.348286
162181 165959 0.312635
165959 169824 0.342802
169824 173780 0.335946
173780 177828 0.374339
177828 181970 0.360627
181970 186209 0.340059
186209 190546 0.378453
190546 194984 0.370226
194984 199526 0.368855
199526 204174 0.383938
204174 208930 0.393536
208930 213796 0.399021
213796 218776 0.378453
218776 223872 0.414104
223872 229087 0.401763
229087 234423 0.418218
234423 239883 0.456612
239883 245471 0.510089
245471 251189 0.496377
251189 257040 0.54574
257040 263027 0.567679
263027 269153 0.596475
269153 275423 0.658179
275423 281838 0.789815
281838 288403 0.737709
288403 295121 0.762391
295121 301995 0.837807
301995 309030 0.86386
309030 316228 0.906367
316228 323594 0.928307
323594 331131 0.788444
331131 338844 0.799413
338844 346737 1.04486
346737 354813 1.29031
354813 363078 1.40549
363078 371535 1.28482
371535 380189 1.16964
380189 389045 1.219
389045 398107 1.29168
398107 407380 1.29168
407380 416869 1.61254
416869 426580 2.08698
426580 436516 2.63546
436516 446684 3.11538
446684 457088 3.36357
457088 467735 3.59805
467735 478630 3.3238
478630 489779 2.65328
489779 501187 1.77571
501187 512861 1.78531
512861 524807 2.41332
524807 537032 2.77532
537032 549541 2.68345
549541 562341 2.74241
562341 575440 2.87405
575440 588844 3.0194
588844 602560 3.14006
602560 616595 3.38962
616595 630957 3.58845
630957 645654 3.49383
645654 660693 3.22508
660693 676083 3.10167
676083 691831 3.30461
691831 707946 3.51029
707946 724436 3.99432
724436 741310 3.78316
741310 758578 3.02762
758578 776247 2.55319
776247 794328 2.60118
794328 812831 3.39236
812831 831764 4.06426
831764 851138 4.45916
851138 870964 4.28228
870964 891251 3.63781
891251 912011 2.86994
912011 933254 2.34751
933254 954993 2.43938
954993 977237 3.05093
977237 1e+06 3.62273
1e+06 1.02329e+06 4.02998
1.02329e+06 1.04713e+06 4.4715
1.04713e+06 1.07152e+06 4.25211
1.07152e+06 1.09648e+06 3.89697
1.09648e+06 1.12202e+06 3.91205
1.12202e+06 1.14815e+06 4.08345
1.14815e+06 1.1749e+06 4.06288
1.1749e+06 1.20226e+06 3.5336
1.20226e+06 1.23027e+06 3.08933
1.23027e+06 1.25893e+06 2.93712
1.25893e+06 1.28825e+06 3.05368
1.28825e+06 1.31826e+06 3.46778
1.31826e+06 1.34896e+06 3.52949
1.34896e+06 1.38038e+06 3.5857
1.38038e+06 1.41254e+06 3.70089
1.41254e+06 1.44544e+06 3.80921
1.44544e+06 1.47911e+06 4.18629
1.47911e+06 1.51356e+06 4.15064
1.51356e+06 1.54882e+06 3.88051
1.54882e+06 1.58489e+06 2.96043
1.58489e+06 1.62181e+06 2.29677
1.62181e+06 1.65959e+06 2.29266
1.65959e+06 1.69824e+06 2.80823
1.69824e+06 1.7378e+06 3.54457
1.7378e+06 1.77828e+06 3.92851
1.77828e+06 1.8197e+06 3.68855
1.8197e+06 1.86209e+06 3.33203
1.86209e+06 1.90546e+06 3.09207
1.90546e+06 1.94984e+06 3.19491
1.94984e+06 1.99526e+06 2.79452
1.99526e+06 2.04174e+06 2.77395
2.04174e+06 2.0893e+06 2.59295
2.0893e+06 2.13796e+06 2.63409
2.13796e+06 2.18776e+06 2.41744
2.18776e+06 2.23872e+06 2.42978
2.23872e+06 2.29087e+06 2.43252
2.29087e+06 2.34423e+06 2.69853
2.34423e+06 2.39883e+06 2.84525
2.39883e+06 2.45471e+06 2.52302
2.45471e+06 2.51189e+06 2.33105
2.51189e+06 2.5704e+06 2.0952
2.5704e+06 2.63027e+06 2.06778
2.63027e+06 2.69153e+06 2.18707
2.69153e+06 2.75423e+06 2.16239
2.75423e+06 2.81838e+06 2.06367
2.81838e+06 2.88403e+06 2.06367
2.88403e+06 2.95121e+06 2.2858
2.95121e+06 3.01995e+06 2.18022
3.01995e+06 3.0903e+06 1.96905
3.0903e+06 3.16228e+06 1.81411
3.16228e+06 3.23594e+06 1.72361
3.23594e+06 3.31131e+06 1.74417
3.31131e+06 3.38844e+06 1.82919
3.38844e+06 3.46737e+06 1.67699
3.46737e+06 3.54813e+06 1.83056
3.54813e+06 3.63078e+06 1.90461
3.63078e+06 3.71535e+06 2.00608
3.71535e+06 3.80189e+06 2.0239
3.80189e+06 3.89045e+06 2.04995
3.89045e+06 3.98107e+06 2.11303
3.98107e+06 4.0738e+06 2.07875
4.0738e+06 4.16869e+06 2.11029
4.16869e+06 4.2658e+06 2.0527
4.2658e+06 4.36516e+06 1.70715
4.36516e+06 4.46684e+06 1.60705
4.46684e+06 4.57088e+06 1.60705
4.57088e+06 4.67735e+06 1.5001
4.67735e+06 4.7863e+06 1.34927
4.7863e+06 4.89779e+06 1.36846
4.89779e+06 5.01187e+06 1.38766
5.01187e+06 5.12861e+06 1.43977
5.12861e+06 5.24807e+06 1.41097
5.24807e+06 5.37032e+06 1.42468
5.37032e+06 5.49541e+06 1.4713
5.49541e+06 5.62341e+06 1.4096
5.62341e+06 5.7544e+06 1.48365
5.7544e+06 5.88844e+06 1.49462
5.88844e+06 6.0256e+06 1.58786
6.0256e+06 6.16595e+06 1.74417
6.16595e+06 6.30957e+06 1.74006
6.30957e+06 6.45654e+06 1.50833
6.45654e+06 6.60693e+06 1.49736
6.60693e+06 6.76083e+06 1.24917
6.76083e+06 6.91831e+06 1.11479
6.91831e+06 7.07946e+06 1.2478
7.07946e+06 7.24436e+06 1.24643
7.24436e+06 7.4131e+06 1.25191
7.4131e+06 7.58578e+06 1.31499
7.58578e+06 7.76247e+06 1.40137
7.76247e+06 7.94328e+06 1.34378
7.94328e+06 8.12831e+06 1.27659
8.12831e+06 8.31764e+06 1.19706
8.31764e+06 8.51138e+06 1.15044
8.51138e+06 8.70964e+06 1.22037
8.70964e+06 8.91251e+06 1.19295
8.91251e+06 9.12011e+06 1.17238
9.12011e+06 9.33254e+06 1.19158
9.33254e+06 9.54993e+06 1.08874
9.54993e+06 9.77237e+06 1.13262
