0.001 0.00102329 0.0899796
0.00102329 0.00104713 0.0882859
0.00104713 0.00107152 0.0862216
0.00107152 0.00109648 0.0886564
0.00109648 0.00112202 0.0902972
0.00112202 0.00114815 0.090456
0.00114815 0.0011749 0.0899267
0.0011749 0.00120226 0.0906677
0.00120226 0.00123027 0.0899796
0.00123027 0.00125893 0.0905618
0.00125893 0.00128825 0.0863804
0.00128825 0.00131826 0.0985541
0.00131826 0.00134896 0.0905618
0.00134896 0.00138038 0.0893444
0.00138038 0.00141254 0.092626
0.00141254 0.00144544 0.0936846
0.00144544 0.00147911 0.0933141
0.00147911 0.00151356 0.0947961
0.00151356 0.00154882 0.097919
0.00154882 0.00158489 0.0937376
0.00158489 0.00162181 0.0974955
0.00162181 0.00165959 0.0962782
0.00165959 0.00169824 0.0937376
0.00169824 0.0017378 0.0985012
0.0017378 0.00177828 0.102418
0.00177828 0.0018197 0.0974955
0.0018197 0.00186209 0.100618
0.00186209 0.00190546 0.0972309
0.00190546 0.00194984 0.101306
0.00194984 0.00199526 0.106811
0.00199526 0.00204174 0.1057
0.00204174 0.0020893 0.101518
0.0020893 0.00213796 0.104165
0.00213796 0.00218776 0.108028
0.00218776 0.00223872 0.107658
0.00223872 0.00229087 0.108981
0.00229087 0.00234423 0.106441
0.00234423 0.00239883 0.109828
0.00239883 0.00245471 0.108822
0.00245471 0.00251189 0.111522
0.00251189 0.0025704 0.117185
0.0025704 0.00263027 0.11565
0.00263027 0.00269153 0.112845
0.00269153 0.00275423 0.117238
0.00275423 0.00281838 0.117026
0.00281838 0.00288403 0.121367
0.00288403 0.00295121 0.121631
0.00295121 0.00301995 0.122425
0.00301995 0.0030903 0.131264
0.0030903 0.00316228 0.129253
0.00316228 0.00323594 0.131847
0.00323594 0.00331131 0.131529
0.00331131 0.00338844 0.136928
0.00338844 0.00346737 0.137298
0.00346737 0.00354813 0.136028
0.00354813 0.00363078 0.136822
0.00363078 0.00371535 0.140209
0.00371535 0.00380189 0.140262
0.00380189 0.00389045 0.142009
0.00389045 0.00398107 0.144497
0.00398107 0.0040738 0.147249
0.0040738 0.00416869 0.154183
0.00416869 0.0042658 0.153548
0.0042658 0.00436516 0.156088
0.00436516 0.00446684 0.159423
0.00446684 0.00457088 0.155347
0.00457088 0.00467735 0.154924
0.00467735 0.0047863 0.163022
0.0047863 0.00489779 0.167256
0.00489779 0.00501187 0.159952
0.00501187 0.00512861 0.170802
0.00512861 0.00524807 0.171438
0.00524807 0.00537032 0.175407
0.00537032 0.00549541 0.181812
0.00549541 0.00562341 0.180541
0.00562341 0.0057544 0.184035
0.0057544 0.00588844 0.192027
0.00588844 0.0060256 0.196579
0.0060256 0.00616595 0.195626
0.00616595 0.00630957 0.204783
0.00630957 0.00645654 0.209335
0.00645654 0.00660693 0.211928
0.00660693 0.00676083 0.223414
0.00676083 0.00691831 0.216004
0.00691831 0.00707946 0.220132
0.00707946 0.00724436 0.239293
0.00724436 0.0074131 0.23834
0.0074131 0.00758578 0.249508
0.00758578 0.00776247 0.252684
0.00776247 0.00794328 0.25279
0.00794328 0.00812831 0.262052
0.00812831 0.00831764 0.264752
0.00831764 0.00851138 0.272479
0.00851138 0.00870964 0.271738
0.00870964 0.00891251 0.285077
0.00891251 0.00912011 0.290846
0.00912011 0.00933254 0.297885
0.00933254 0.00954993 0.306301
0.00954993 0.00977237 0.309953
0.00977237 0.01 0.317628
0.01 0.0102329 0.324668
0.0102329 0.0104713 0.336206
0.0104713 0.0107152 0.342822
0.0107152 0.0109648 0.357272
0.0109648 0.0112202 0.362671
0.0112202 0.0114815 0.365688
0.0114815 0.011749 0.381408
0.011749 0.0120226 0.39247
0.0120226 0.0123027 0.388553
0.0123027 0.0125893 0.40819
0.0125893 0.0128825 0.410201
0.0128825 0.0131826 0.422163
0.0131826 0.0134896 0.424704
0.0134896 0.0138038 0.447675
0.0138038 0.0141254 0.440847
0.0141254 0.0144544 0.450268
0.0144544 0.0147911 0.462072
0.0147911 0.0151356 0.485678
0.0151356 0.0154882 0.489383
0.0154882 0.0158489 0.503303
0.0158489 0.0162181 0.503303
0.0162181 0.0165959 0.523046
0.0165959 0.0169824 0.534214
0.0169824 0.017378 0.545859
0.017378 0.0177828 0.553639
0.0177828 0.018197 0.570312
0.018197 0.0186209 0.570629
0.0186209 0.0190546 0.606833
0.0190546 0.0194984 0.60498
0.0194984 0.0199526 0.622235
0.0199526 0.0204174 0.623664
0.0204174 0.020893 0.637902
0.020893 0.0213796 0.647059
0.0213796 0.0218776 0.665478
0.0218776 0.0223872 0.678287
0.0223872 0.0229087 0.694484
0.0229087 0.0234423 0.702688
0.0234423 0.0239883 0.718249
0.0239883 0.0245471 0.720048
0.0245471 0.0251189 0.740744
0.0251189 0.025704 0.743867
0.025704 0.0263027 0.760275
0.0263027 0.0269153 0.77753
0.0269153 0.0275423 0.790815
0.0275423 0.0281838 0.8032
0.0281838 0.0288403 0.807435
0.0288403 0.0295121 0.807223
0.0295121 0.0301995 0.83861
0.0301995 0.030903 0.843162
0.030903 0.0316228 0.845967
0.0316228 0.0323594 0.868091
0.0323594 0.0331131 0.879577
0.0331131 0.0338844 0.884923
0.0338844 0.0346737 0.881429
0.0346737 0.0354813 0.893603
0.0354813 0.0363078 0.905883
0.0363078 0.0371535 0.897255
0.0371535 0.0380189 0.902548
0.0380189 0.0389045 0.918162
0.0389045 0.0398107 0.93817
0.0398107 0.040738 0.910593
0.040738 0.0416869 0.923402
0.0416869 0.042658 0.931183
0.042658 0.0436516 0.94034
0.0436516 0.0446684 0.927901
0.0446684 0.0457088 0.931342
0.0457088 0.0467735 0.923455
0.0467735 0.047863 0.920068
0.047863 0.0489779 0.931448
0.0489779 0.0501187 0.926684
0.0501187 0.0512861 0.928325
0.0512861 0.0524807 0.909323
0.0524807 0.0537032 0.901807
0.0537032 0.0549541 0.896991
0.0549541 0.0562341 0.901913
0.0562341 0.057544 0.89048
0.057544 0.0588844 0.888151
0.0588844 0.060256 0.873861
0.060256 0.0616595 0.867827
0.0616595 0.0630957 0.854965
0.0630957 0.0645654 0.832841
0.0645654 0.0660693 0.832576
0.0660693 0.0676083 0.816115
0.0676083 0.0691831 0.81061
0.0691831 0.0707946 0.801295
0.0707946 0.0724436 0.780599
0.0724436 0.074131 0.767208
0.074131 0.0758578 0.768267
0.0758578 0.0776247 0.752282
0.0776247 0.0794328 0.722854
0.0794328 0.0812831 0.717349
0.0812831 0.0831764 0.712797
0.0831764 0.0851138 0.688714
0.0851138 0.0870964 0.682204
0.0870964 0.0891251 0.656057
0.0891251 0.0912011 0.642931
0.0912011 0.0933254 0.634515
0.0933254 0.0954993 0.628957
0.0954993 0.0977237 0.603022
0.0977237 0.1 0.594342
0.1 0.102329 0.572852
0.102329 0.104713 0.562425
0.104713 0.107152 0.558773
0.107152 0.109648 0.536173
0.109648 0.112202 0.518706
0.112202 0.114815 0.504468
0.114815 0.11749 0.481603
0.11749 0.120226 0.485361
0.120226 0.123027 0.47451
0.123027 0.125893 0.457149
0.125893 0.128825 0.45789
0.128825 0.131826 0.444552
0.131826 0.134896 0.422692
0.134896 0.138038 0.410148
0.138038 0.141254 0.409354
0.141254 0.144544 0.40242
0.144544 0.147911 0.389029
0.147911 0.151356 0.380614
0.151356 0.154882 0.380931
0.154882 0.158489 0.359389
0.158489 0.162181 0.361506
0.162181 0.165959 0.351979
0.165959 0.169824 0.34875
0.169824 0.17378 0.34658
0.17378 0.177828 0.337635
0.177828 0.18197 0.3388
0.18197 0.186209 0.327314
0.186209 0.190546 0.322127
0.190546 0.194984 0.326785
0.194984 0.199526 0.321227
0.199526 0.204174 0.316834
0.204174 0.20893 0.319375
0.20893 0.213796 0.313076
0.213796 0.218776 0.311753
0.218776 0.223872 0.300691
0.223872 0.229087 0.30339
0.229087 0.234423 0.305984
0.234423 0.239883 0.301696
0.239883 0.245471 0.298256
0.245471 0.251189 0.294022
0.251189 0.25704 0.295133
0.25704 0.263027 0.293916
0.263027 0.269153 0.29291
0.269153 0.275423 0.287988
0.275423 0.281838 0.295662
0.281838 0.288403 0.294974
0.288403 0.295121 0.287935
0.295121 0.301995 0.284918
0.301995 0.30903 0.285923
0.30903 0.316228 0.281901
0.316228 0.323594 0.280948
0.323594 0.331131 0.283965
0.331131 0.338844 0.286082
0.338844 0.346737 0.285818
0.346737 0.354813 0.27809
0.354813 0.363078 0.282642
0.363078 0.371535 0.288093
0.371535 0.380189 0.276026
0.380189 0.389045 0.279413
0.389045 0.398107 0.274702
0.398107 0.40738 0.277137
0.40738 0.416869 0.278249
0.416869 0.42658 0.274332
0.42658 0.436516 0.280313
0.436516 0.446684 0.27322
0.446684 0.457088 0.270627
0.457088 0.467735 0.275443
0.467735 0.47863 0.262846
0.47863 0.489779 0.26851
0.489779 0.501187 0.277402
0.501187 0.512861 0.258188
0.512861 0.524807 0.268086
0.524807 0.537032 0.26544
0.537032 0.549541 0.266763
0.549541 0.562341 0.271103
0.562341 0.57544 0.267292
0.57544 0.588844 0.25893
0.588844 0.60256 0.263693
0.60256 0.616595 0.264222
0.616595 0.630957 0.259247
0.630957 0.645654 0.256124
0.645654 0.660693 0.255913
0.660693 0.676083 0.255701
0.676083 0.691831 0.249191
0.691831 0.707946 0.257077
0.707946 0.724436 0.243739
0.724436 0.74131 0.253372
0.74131 0.758578 0.255913
0.758578 0.776247 0.255542
0.776247 0.794328 0.245962
0.794328 0.812831 0.260253
0.812831 0.831764 0.248555
0.831764 0.851138 0.24575
0.851138 0.870964 0.251202
0.870964 0.891251 0.253848
0.891251 0.912011 0.247603
0.912011 0.933254 0.249243
0.933254 0.954993 0.249984
0.954993 0.977237 0.246385
0.977237 1 0.246862
1 1.02329 0.249561
1.02329 1.04713 0.241833
1.04713 1.07152 0.248873
1.07152 1.09648 0.243051
1.09648 1.12202 0.241728
1.12202 1.14815 0.248502
1.14815 1.1749 0.247338
1.1749 1.20226 0.245591
1.20226 1.23027 0.251255
1.23027 1.25893 0.246703
1.25893 1.28825 0.24448
1.28825 1.31826 0.249773
1.31826 1.34896 0.244744
1.34896 1.38038 0.244586
1.38038 1.41254 0.243951
1.41254 1.44544 0.248344
1.44544 1.47911 0.244744
1.47911 1.51356 0.247497
1.51356 1.54882 0.244692
1.54882 1.58489 0.252737
1.58489 1.62181 0.248502
1.62181 1.65959 0.239981
1.65959 1.69824 0.243686
1.69824 1.7378 0.248661
1.7378 1.77828 0.241251
1.77828 1.8197 0.24538
1.8197 1.86209 0.249349
1.86209 1.90546 0.249085
1.90546 1.94984 0.246279
1.94984 1.99526 0.246015
1.99526 2.04174 0.257342
2.04174 2.0893 0.244533
2.0893 2.13796 0.25496
2.13796 2.18776 0.255701
2.18776 2.23872 0.257712
2.23872 2.29087 0.258824
2.29087 2.34423 0.255383
2.34423 2.39883 0.257289
2.39883 2.45471 0.263005
2.45471 2.51189 0.267239
2.51189 2.5704 0.260041
2.5704 2.63027 0.265704
2.63027 2.69153 0.261735
2.69153 2.75423 0.255648
2.75423 2.81838 0.256918
2.81838 2.88403 0.251308
2.88403 2.95121 0.260306
2.95121 3.01995 0.266445
3.01995 3.0903 0.268351
3.0903 3.16228 0.272638
3.16228 3.23594 0.270045
3.23594 3.31131 0.278143
3.31131 3.38844 0.270839
3.38844 3.46737 0.278302
3.46737 3.54813 0.275549
3.54813 3.63078 0.27846
3.63078 3.71535 0.27936
3.71535 3.80189 0.282007
3.80189 3.89045 0.28116
3.89045 3.98107 0.275443
3.98107 4.0738 0.279307
4.0738 4.16869 0.281795
4.16869 4.2658 0.289311
4.2658 4.36516 0.275232
4.36516 4.46684 0.2855
4.46684 4.57088 0.28857
4.57088 4.67735 0.284812
4.67735 4.7863 0.28894
4.7863 4.89779 0.288676
4.89779 5.01187 0.291005
5.01187 5.12861 0.294974
5.12861 5.24807 0.296086
5.24807 5.37032 0.301908
5.37032 5.49541 0.299262
5.49541 5.62341 0.295398
5.62341 5.7544 0.298468
5.7544 5.88844 0.302014
5.88844 6.0256 0.299632
6.0256 6.16595 0.306089
6.16595 6.30957 0.312547
6.30957 6.45654 0.306089
6.45654 6.60693 0.303866
6.60693 6.76083 0.313976
6.76083 6.91831 0.311488
6.91831 7.07946 0.314029
7.07946 7.24436 0.313447
7.24436 7.4131 0.309953
7.4131 7.58578 0.311647
7.58578 7.76247 0.315034
7.76247 7.94328 0.312494
7.94328 8.12831 0.319586
8.12831 8.31764 0.314188
8.31764 8.51138 0.322021
8.51138 8.70964 0.323344
8.70964 8.91251 0.334407
8.91251 9.12011 0.33049
9.12011 9.33254 0.3361
9.33254 9.54993 0.330225
9.54993 9.77237 0.338164
9.77237 10 0.34224
10 10.2329 0.33663
10.2329 10.4713 0.335095
10.4713 10.7152 0.337741
10.7152 10.9648 0.339594
10.9648 11.2202 0.336471
11.2202 11.4815 0.331442
11.4815 11.749 0.34658
11.749 12.0226 0.337476
12.0226 12.3027 0.342081
12.3027 12.5893 0.348168
12.5893 12.8825 0.344675
12.8825 13.1826 0.345469
13.1826 13.4896 0.347057
13.4896 13.8038 0.341446
13.8038 14.1254 0.345575
14.1254 14.4544 0.348592
14.4544 14.7911 0.353567
14.7911 15.1356 0.357378
15.1356 15.4882 0.35833
15.4882 15.8489 0.357378
15.8489 16.2181 0.353779
16.2181 16.5959 0.359071
16.5959 16.9824 0.354361
16.9824 17.378 0.363676
17.378 17.7828 0.355314
17.7828 18.197 0.365635
18.197 18.6209 0.363094
18.6209 19.0546 0.360183
19.0546 19.4984 0.370345
19.4984 19.9526 0.370345
19.9526 20.4174 0.364047
20.4174 20.893 0.370504
20.893 21.3796 0.369234
21.3796 21.8776 0.367858
21.8776 22.3872 0.368387
22.3872 22.9087 0.367328
22.9087 23.4423 0.372939
23.4423 23.9883 0.365794
23.9883 24.5471 0.368122
24.5471 25.1189 0.376909
25.1189 25.704 0.378073
25.704 26.3027 0.374103
26.3027 26.9153 0.376485
26.9153 27.5423 0.372621
27.5423 28.1838 0.372674
28.1838 28.8403 0.367752
28.8403 29.5121 0.368122
29.5121 30.1995 0.371563
30.1995 30.903 0.376591
30.903 31.6228 0.372674
31.6228 32.3594 0.382784
32.3594 33.1131 0.377544
33.1131 33.8844 0.372674
33.8844 34.6737 0.379132
34.6737 35.4813 0.378602
35.4813 36.3078 0.379079
36.3078 37.1535 0.377491
37.1535 38.0189 0.366164
38.0189 38.9045 0.379396
38.9045 39.8107 0.376168
39.8107 40.738 0.378232
40.738 41.6869 0.373839
41.6869 42.658 0.37151
42.658 43.6516 0.382678
43.6516 44.6684 0.386277
44.6684 45.7088 0.374686
45.7088 46.7735 0.375532
46.7735 47.863 0.375744
47.863 48.9779 0.381143
48.9779 50.1187 0.383631
50.1187 51.2861 0.380031
51.2861 52.4807 0.381143
52.4807 53.7032 0.384478
53.7032 54.9541 0.38109
54.9541 56.2341 0.388765
56.2341 57.544 0.381937
57.544 58.8844 0.378708
58.8844 60.256 0.381513
60.256 61.6595 0.386489
61.6595 63.0957 0.362829
63.0957 64.5654 0.377438
64.5654 66.0693 0.370398
66.0693 67.6083 0.367858
67.6083 69.1831 0.375532
69.1831 70.7946 0.364523
70.7946 72.4436 0.37405
72.4436 74.131 0.372251
74.131 75.8578 0.361347
75.8578 77.6247 0.358701
77.6247 79.4328 0.370875
79.4328 81.2831 0.356848
81.2831 83.1764 0.353196
83.1764 85.1138 0.365529
85.1138 87.0964 0.365529
87.0964 89.1251 0.357801
89.1251 91.2011 0.36537
91.2011 93.3254 0.364523
93.3254 95.4993 0.370028
95.4993 97.7237 0.36447
97.7237 100 0.35886
100 102.329 0.358013
102.329 104.713 0.360024
104.713 107.152 0.361295
107.152 109.648 0.359124
109.648 112.202 0.364841
112.202 114.815 0.363359
114.815 117.49 0.354573
117.49 120.226 0.355419
120.226 123.027 0.354149
123.027 125.893 0.35272
125.893 128.825 0.35833
128.825 131.826 0.352985
131.826 134.896 0.35182
134.896 138.038 0.355366
138.038 141.254 0.357325
141.254 144.544 0.354467
144.544 147.911 0.356478
147.911 151.356 0.358966
151.356 154.882 0.360606
154.882 158.489 0.352879
158.489 162.181 0.353302
162.181 165.959 0.358595
165.959 169.824 0.346527
169.824 173.78 0.350179
173.78 177.828 0.348062
177.828 181.97 0.348486
181.97 186.209 0.341446
186.209 190.546 0.337423
190.546 194.984 0.338112
194.984 199.526 0.339805
199.526 204.174 0.341181
204.174 208.93 0.330437
208.93 213.796 0.32218
213.796 218.776 0.327049
218.776 223.872 0.325673
223.872 229.087 0.325038
229.087 234.423 0.328637
234.423 239.883 0.319163
239.883 245.471 0.318157
245.471 251.189 0.322286
251.189 257.04 0.313976
257.04 263.027 0.323238
263.027 269.153 0.320221
269.153 275.423 0.316834
275.423 281.838 0.314929
281.838 288.403 0.311435
288.403 295.121 0.320169
295.121 301.995 0.310006
301.995 309.03 0.305348
309.03 316.228 0.310694
316.228 323.594 0.301167
323.594 331.131 0.309424
331.131 338.844 0.303655
338.844 346.737 0.307254
346.737 354.813 0.309053
354.813 363.078 0.306883
363.078 371.535 0.308365
371.535 380.189 0.299103
380.189 389.045 0.292328
389.045 398.107 0.298362
398.107 407.38 0.304607
407.38 416.869 0.302914
416.869 426.58 0.298203
426.58 436.516 0.298626
436.516 446.684 0.300955
446.684 457.088 0.295874
457.088 467.735 0.291428
467.735 478.63 0.288252
478.63 489.779 0.283965
489.779 501.187 0.280895
501.187 512.861 0.276502
512.861 524.807 0.279784
524.807 537.032 0.285659
537.032 549.541 0.28026
549.541 562.341 0.273961
562.341 575.44 0.269092
575.44 588.844 0.264699
588.844 602.56 0.266922
602.56 616.595 0.268033
616.595 630.957 0.278355
630.957 645.654 0.264963
645.654 660.693 0.268139
660.693 676.083 0.259988
676.083 691.831 0.270098
691.831 707.946 0.257977
707.946 724.436 0.261153
724.436 741.31 0.258665
741.31 758.578 0.254378
758.578 776.247 0.250408
776.247 794.328 0.252684
794.328 812.831 0.251361
812.831 831.764 0.244903
831.764 851.138 0.245962
851.138 870.964 0.250355
870.964 891.251 0.244533
891.251 912.011 0.23744
912.011 933.254 0.24321
933.254 954.993 0.235958
954.993 977.237 0.239505
977.237 1000 0.231936
1000 1023.29 0.242521
1023.29 1047.13 0.241357
1047.13 1071.52 0.23617
1071.52 1096.48 0.226854
1096.48 1122.02 0.235323
1122.02 1148.15 0.235217
1148.15 1174.9 0.22786
1174.9 1202.26 0.232253
1202.26 1230.27 0.232147
1230.27 1258.93 0.227648
1258.93 1288.25 0.22172
1288.25 1318.26 0.221826
1318.26 1348.96 0.225214
1348.96 1380.38 0.224526
1380.38 1412.54 0.230507
1412.54 1445.44 0.221456
1445.44 1479.11 0.218756
1479.11 1513.56 0.21701
1513.56 1548.82 0.214363
1548.82 1584.89 0.212087
1584.89 1621.81 0.216322
1621.81 1659.59 0.212511
1659.59 1698.24 0.208859
1698.24 1737.8 0.209388
1737.8 1778.28 0.205206
1778.28 1819.7 0.202719
1819.7 1862.09 0.206635
1862.09 1905.46 0.205101
1905.46 1949.84 0.202454
1949.84 1995.26 0.201978
1995.26 2041.74 0.193721
2041.74 2089.3 0.193403
2089.3 2137.96 0.191921
2137.96 2187.76 0.205418
2187.76 2238.72 0.193668
2238.72 2290.87 0.190492
2290.87 2344.23 0.188004
2344.23 2398.83 0.192027
2398.83 2454.71 0.186099
2454.71 2511.89 0.184088
2511.89 2570.4 0.189275
2570.4 2630.27 0.186364
2630.27 2691.53 0.182764
2691.53 2754.23 0.192027
2754.23 2818.38 0.180912
2818.38 2884.03 0.177736
2884.03 2951.21 0.187687
2951.21 3019.95 0.186046
3019.95 3090.3 0.174931
3090.3 3162.28 0.177683
3162.28 3235.94 0.175196
3235.94 3311.31 0.173131
3311.31 3388.44 0.167521
3388.44 3467.37 0.173078
3467.37 3548.13 0.176095
3548.13 3630.78 0.167362
3630.78 3715.35 0.163816
3715.35 3801.89 0.167733
3801.89 3890.45 0.168103
3890.45 3981.07 0.162704
3981.07 4073.8 0.165351
4073.8 4168.69 0.163869
4168.69 4265.8 0.161328
4265.8 4365.16 0.161222
4365.16 4466.84 0.150901
4466.84 4570.88 0.158576
4570.88 4677.35 0.155347
4677.35 4786.3 0.161169
4786.3 4897.79 0.155771
4897.79 5011.87 0.150742
5011.87 5128.61 0.151007
5128.61 5248.07 0.153442
5248.07 5370.32 0.156035
5370.32 5495.41 0.1563
5495.41 5623.41 0.153336
5623.41 5754.4 0.149842
5754.4 5888.44 0.149366
5888.44 6025.6 0.150901
6025.6 6165.95 0.15667
6165.95 6309.57 0.156353
6309.57 6456.54 0.155929
6456.54 6606.93 0.152965
6606.93 6760.83 0.155982
6760.83 6918.31 0.148466
6918.31 7079.46 0.152066
7079.46 7244.36 0.151907
7244.36 7413.1 0.153653
7413.1 7585.78 0.149154
7585.78 7762.47 0.144497
7762.47 7943.28 0.149578
7943.28 8128.31 0.139945
8128.31 8317.64 0.133117
8317.64 8511.38 0.13407
8511.38 8709.64 0.137298
8709.64 8912.51 0.132588
8912.51 9120.11 0.135234
9120.11 9332.54 0.13354
9332.54 9549.93 0.134387
9549.93 9772.37 0.128142
9772.37 10000 0.13354
10000 10232.9 0.129994
10232.9 10471.3 0.130841
10471.3 10715.2 0.120943
10715.2 10964.8 0.127348
10964.8 11220.2 0.126395
11220.2 11481.5 0.124542
11481.5 11749 0.12486
11749 12022.6 0.121578
12022.6 12302.7 0.122637
12302.7 12589.3 0.120096
12589.3 12882.5 0.122849
12882.5 13182.6 0.122002
13182.6 13489.6 0.115333
13489.6 13803.8 0.12142
13803.8 14125.4 0.121208
14125.4 14454.4 0.118403
14454.4 14791.1 0.11438
14791.1 15135.6 0.118561
15135.6 15488.2 0.117185
15488.2 15848.9 0.116709
15848.9 16218.1 0.116921
16218.1 16595.9 0.116127
16595.9 16982.4 0.115544
16982.4 17378 0.113745
17378 17782.8 0.112792
17782.8 18197 0.119091
18197 18620.9 0.118773
18620.9 19054.6 0.111575
19054.6 19498.4 0.114592
19498.4 19952.6 0.11528
19952.6 20417.4 0.112792
20417.4 20893 0.112104
20893 21379.6 0.109352
21379.6 21877.6 0.11221
21877.6 22387.2 0.111257
22387.2 22908.7 0.106811
22908.7 23442.3 0.110516
23442.3 23988.3 0.108822
23988.3 24547.1 0.108769
24547.1 25118.9 0.108346
25118.9 25704 0.109722
25704 26302.7 0.112527
26302.7 26915.3 0.105752
26915.3 27542.3 0.107499
27542.3 28183.8 0.108875
28183.8 28840.3 0.107287
28840.3 29512.1 0.108769
29512.1 30199.5 0.107923
30199.5 30903 0.107182
30903 31622.8 0.107076
31622.8 32359.4 0.110834
32359.4 33113.1 0.106864
33113.1 33884.4 0.107552
33884.4 34673.7 0.102047
34673.7 35481.3 0.10427
35481.3 36307.8 0.107393
36307.8 37153.5 0.105858
37153.5 38018.9 0.104429
38018.9 38904.5 0.108875
38904.5 39810.7 0.10697
39810.7 40738 0.10734
40738 41686.9 0.102683
41686.9 42658 0.100354
42658 43651.6 0.104641
43651.6 44668.4 0.103635
44668.4 45708.8 0.106441
45708.8 46773.5 0.105594
46773.5 47863 0.109828
47863 48977.9 0.103477
48977.9 50118.7 0.105594
50118.7 51286.1 0.104218
51286.1 52480.7 0.102047
52480.7 53703.2 0.10173
53703.2 54954.1 0.100354
54954.1 56234.1 0.103635
56234.1 57544 0.104006
57544 58884.4 0.105382
58884.4 60256 0.100883
60256 61659.5 0.103529
61659.5 63095.7 0.102894
63095.7 64565.4 0.101571
64565.4 66069.3 0.106335
66069.3 67608.3 0.104165
67608.3 69183.1 0.101889
69183.1 70794.6 0.10046
70794.6 72443.6 0.106229
72443.6 74131 0.10263
74131 75857.8 0.106599
75857.8 77624.7 0.1048
77624.7 79432.8 0.108928
79432.8 81283.1 0.105647
81283.1 83176.4 0.106176
83176.4 85113.8 0.100301
85113.8 87096.4 0.108505
87096.4 89125.1 0.105647
89125.1 91201.1 0.104165
91201.1 93325.4 0.104006
93325.4 95499.3 0.105488
95499.3 97723.7 0.106599
97723.7 100000 0.110728
100000 102329 0.103424
102329 104713 0.104535
104713 107152 0.105541
107152 109648 0.106917
109648 112202 0.10734
112202 114815 0.109722
114815 117490 0.103106
117490 120226 0.103265
120226 123027 0.106864
123027 125893 0.108028
125893 128825 0.107182
128825 131826 0.106335
131826 134896 0.102736
134896 138038 0.105911
138038 141254 0.108875
141254 144544 0.109934
144544 147911 0.106282
147911 151356 0.106335
151356 154882 0.107129
154882 158489 0.105752
158489 162181 0.106599
162181 165959 0.103953
165959 169824 0.100142
169824 173780 0.102259
173780 177828 0.0995598
177828 181970 0.102471
181970 186209 0.106176
186209 190546 0.107605
190546 194984 0.0996656
194984 199526 0.10607
199526 204174 0.105911
204174 208930 0.103582
208930 213796 0.105488
213796 218776 0.105964
218776 223872 0.101571
223872 229087 0.102894
229087 234423 0.101571
234423 239883 0.101942
239883 245471 0.10517
245471 251189 0.105064
251189 257040 0.104535
257040 263027 0.1039
263027 269153 0.107235
269153 275423 0.106388
275423 281838 0.10607
281838 288403 0.101042
288403 295121 0.100195
295121 301995 0.103
301995 309030 0.0983953
309030 316228 0.097866
316228 323594 0.102947
323594 331131 0.103582
331131 338844 0.103741
338844 346737 0.100089
346737 354813 0.101836
354813 363078 0.101836
363078 371535 0.100671
371535 380189 0.109563
380189 389045 0.104059
389045 398107 0.107446
398107 407380 0.104323
407380 416869 0.112157
416869 426580 0.116391
426580 436516 0.112951
436516 446684 0.118826
446684 457088 0.119091
457088 467735 0.119726
467735 478630 0.126924
478630 489779 0.122902
489779 501187 0.117979
501187 512861 0.120308
512861 524807 0.125707
524807 537032 0.135499
537032 549541 0.137986
549541 562341 0.149419
562341 575440 0.158258
575440 588844 0.165721
588844 602560 0.17726
602560 616595 0.202348
616595 630957 0.221456
630957 645654 0.248555
645654 660693 0.259194
660693 676083 0.275073
676083 691831 0.279201
691831 707946 0.286241
707946 724436 0.297515
724436 741310 0.313182
741310 758578 0.309318
758578 776247 0.311329
776247 794328 0.33176
794328 812831 0.389717
812831 831764 0.453762
831764 851138 0.520188
851138 870964 0.577987
870964 891251 0.61853
891251 912011 0.686333
912011 933254 0.798384
933254 954993 0.940763
954993 977237 1.06202
977237 1e+06 1.08383
1e+06 1.02329e+06 1.05493
1.02329e+06 1.04713e+06 1.01968
1.04713e+06 1.07152e+06 0.976861
1.07152e+06 1.09648e+06 0.928272
1.09648e+06 1.12202e+06 0.885558
1.12202e+06 1.14815e+06 0.91938
1.14815e+06 1.1749e+06 1.01984
1.1749e+06 1.20226e+06 1.11612
1.20226e+06 1.23027e+06 1.26734
1.23027e+06 1.25893e+06 1.53293
1.25893e+06 1.28825e+06 1.76476
1.28825e+06 1.31826e+06 1.82976
1.31826e+06 1.34896e+06 1.69114
1.34896e+06 1.38038e+06 1.57819
1.38038e+06 1.41254e+06 1.55755
1.41254e+06 1.44544e+06 1.63493
1.44544e+06 1.47911e+06 1.78308
1.47911e+06 1.51356e+06 1.93678
1.51356e+06 1.54882e+06 2.00146
1.54882e+06 1.58489e+06 1.90476
1.58489e+06 1.62181e+06 1.70961
1.62181e+06 1.65959e+06 1.68537
1.65959e+06 1.69824e+06 1.91964
1.69824e+06 1.7378e+06 2.17332
1.7378e+06 1.77828e+06 2.22726
1.77828e+06 1.8197e+06 2.10515
1.8197e+06 1.86209e+06 1.95023
1.86209e+06 1.90546e+06 1.85845
1.90546e+06 1.94984e+06 1.82346
1.94984e+06 1.99526e+06 1.79943
1.99526e+06 2.04174e+06 1.81076
2.04174e+06 2.0893e+06 1.81806
2.0893e+06 2.13796e+06 1.82701
2.13796e+06 2.18776e+06 1.80642
2.18776e+06 2.23872e+06 1.73571
2.23872e+06 2.29087e+06 1.73999
2.29087e+06 2.34423e+06 1.76974
2.34423e+06 2.39883e+06 1.78916
2.39883e+06 2.45471e+06 1.76069
2.45471e+06 2.51189e+06 1.70321
2.51189e+06 2.5704e+06 1.6742
2.5704e+06 2.63027e+06 1.65779
2.63027e+06 2.69153e+06 1.66817
2.69153e+06 2.75423e+06 1.67389
2.75423e+06 2.81838e+06 1.6994
2.81838e+06 2.88403e+06 1.67092
2.88403e+06 2.95121e+06 1.68934
2.95121e+06 3.01995e+06 1.6814
3.01995e+06 3.0903e+06 1.68278
3.0903e+06 3.16228e+06 1.63816
3.16228e+06 3.23594e+06 1.63572
3.23594e+06 3.31131e+06 1.60391
3.31131e+06 3.38844e+06 1.57882
3.38844e+06 3.46737e+06 1.52627
3.46737e+06 3.54813e+06 1.49763
3.54813e+06 3.63078e+06 1.43946
3.63078e+06 3.71535e+06 1.40643
3.71535e+06 3.80189e+06 1.35859
3.80189e+06 3.89045e+06 1.31365
3.89045e+06 3.98107e+06 1.28359
3.98107e+06 4.0738e+06 1.25903
4.0738e+06 4.16869e+06 1.22727
4.16869e+06 4.2658e+06 1.15407
4.2658e+06 4.36516e+06 1.096
4.36516e+06 4.46684e+06 1.02693
4.46684e+06 4.57088e+06 0.94468
4.57088e+06 4.67735e+06 0.876931
4.67735e+06 4.7863e+06 0.84909
4.7863e+06 4.89779e+06 0.849249
4.89779e+06 5.01187e+06 0.838716
5.01187e+06 5.12861e+06 0.872749
5.12861e+06 5.24807e+06 0.86915
5.24807e+06 5.37032e+06 0.864863
5.37032e+06 5.49541e+06 0.864916
5.49541e+06 5.62341e+06 0.850519
5.62341e+06 5.7544e+06 0.830829
5.7544e+06 5.88844e+06 0.818867
5.88844e+06 6.0256e+06 0.819714
6.0256e+06 6.16595e+06 0.804735
6.16595e+06 6.30957e+06 0.809075
6.30957e+06 6.45654e+06 0.800289
6.45654e+06 6.60693e+06 0.81061
6.60693e+06 6.76083e+06 0.804312
6.76083e+06 6.91831e+06 0.82813
6.91831e+06 7.07946e+06 0.872802
7.07946e+06 7.24436e+06 0.878624
7.24436e+06 7.4131e+06 0.890322
7.4131e+06 7.58578e+06 0.889104
7.58578e+06 7.76247e+06 0.890957
7.76247e+06 7.94328e+06 0.909217
7.94328e+06 8.12831e+06 0.914457
8.12831e+06 8.31764e+06 0.942033
8.31764e+06 8.51138e+06 0.97956
8.51138e+06 8.70964e+06 1.03958
8.70964e+06 8.91251e+06 1.12125
8.91251e+06 9.12011e+06 1.25156
9.12011e+06 9.33254e+06 1.35218
9.33254e+06 9.54993e+06 1.39537
9.54993e+06 9.77237e+06 1.44539
