1  0.120945
2  -0.192401
3  -0.0958512
4  0.110578
5  0.0988303
6  0.139056
7  0.0347055
8  -0.163304
9  -0.123308
10  0.199624
11  0.112886
12  0.194395
13  -0.0540367
14  -0.373678
15  -0.31986
16  0.200965
17  0.272083
18  -0.0495783
19  0.0935426
20  0.217678
21  -0.00916381
22  -0.120605
23  -0.0335947
24  0.182398
25  -0.331082
26  -0.112942
27  0.0341089
28  -0.0237617
29  -0.0670918
30  -0.135028
31  0.0243698
32  0.190801
33  -0.251363
34  -0.128997
35  0.242611
36  -0.0200984
37  -0.0626955
38  -0.0293862
39  -0.105955
40  -0.0790927
41  0.189569
42  -0.0734207
43  0.164574
44  -0.160859
45  -0.0865002
46  -0.0165086
47  0.155345
48  -0.161558
49  0.497609
50  0.144443
51  0.0644407
52  0.465951
53  0.210737
54  0.152226
55  -0.142016
56  0.259945
57  0.155994
58  -0.040015
59  0.199787
60  -0.11519
61  0.0147282
62  0.110006
63  -0.0607199
64  -0.0886026
65  0.0446437
66  -0.0502609
67  0.394405
68  0.0552494
69  -0.104084
70  -0.131382
71  -0.0915753
72  0.247845
73  -0.0219314
74  0.128096
75  -0.156211
76  -0.152341
77  0.00440884
78  -0.112267
79  0.13113
80  0.141989
81  -0.147572
82  0.060783
83  0.0372841
84  -0.135738
85  -0.255465
86  -0.309783
87  -0.0651349
88  0.0167222
89  0.237087
90  0.0294795
91  0.108826
92  0.116429
93  0.241274
94  0.166682
95  0.165063
96  -0.0360553
97  0.101439
98  -0.00106613
99  0.0566375
100  -0.0448196
101  0.124758
102  -0.215098
103  0.00850003
104  0.0529914
105  -0.214348
106  0.0577093
107  0.248002
108  -0.133166
109  -0.25762
110  -0.00664366
111  -0.0898038
112  -0.0793073
113  0.0490565
114  0.0563335
115  -0.0631813
116  0.287125
117  0.143187
118  0.339603
119  0.105041
120  0.165069
121  0.227529
122  0.00106547
123  -0.0749407
124  0.154381
125  -0.247945
126  -0.0185308
127  -0.0223087
128  0.158238
129  -0.240156
130  -0.0707073
131  -0.229317
132  -0.287305
133  -0.283975
134  -0.424758
135  -0.00478386
136  0.161741
137  -0.0818225
138  0.00515599
139  -0.00634943
140  0.147571
141  -0.122135
142  -0.101983
143  -0.0891516
144  0.0111913
145  0.00558587
146  0.0385285
147  -0.0116175
148  0.16502
149  -0.233699
150  -0.113749
151  0.0726812
152  0.142334
153  0.0462722
154  0.125672
155  0.00975925
156  -0.291852
157  -0.241972
158  -0.0243105
159  -0.231729
160  -0.0655181
161  0.308087
162  -0.19677
163  -0.132153
164  -0.262513
165  0.00473458
166  -0.12189
167  0.158181
168  0.0617011
169  0.107548
170  0.020383
171  -0.0490915
172  -0.246599
173  0.065313
174  0.0285687
175  0.283002
176  -0.00264981
177  -0.257601
178  0.101472
179  0.0582733
180  -0.67717
181  -0.0596727
182  0.22717
183  0.155615
184  0.0468282
185  0.115375
186  0.331171
187  -0.137599
188  -0.0176115
189  -0.221162
190  -0.153612
191  -0.135172
192  -0.0480555
193  0.0898423
194  -0.0192811
195  0.0386248
196  0.289892
197  0.0221181
198  -0.266613
199  -0.102466
200  -0.108919
201  -0.0634042
202  -0.10571
203  0.126793
204  0.251951
205  -0.21258
206  0.293426
207  0.12117
208  -0.334223
209  -0.121956
210  0.133197
211  -0.0382883
212  0.0865623
213  0.12691
214  -0.0590435
215  -0.23852
216  0.146783
217  0.354129
218  0.189756
219  0.252214
220  -0.185348
221  0.0821021
222  -0.127111
223  0.198194
224  -0.0413091
225  0.0409884
226  0.20435
227  -0.0848307
228  0.0195175
229  0.0192136
230  0.0455735
231  -0.00522339
232  -0.251467
233  -0.192422
234  0.0209421
235  -0.294045
236  0.112024
237  0.102873
238  0.170775
239  -0.0180397
240  -0.201817
241  0.0784976
242  0.0612784
243  0.0647216
244  -0.316326
245  0.123562
246  -0.242073
247  -0.91404
248  -1.01117
249  -0.992078
250  -1.48327
251  -2.9999
252  -7.63711
253  -21.9833
254  -66.9381
255  -186.16
256  -437.403
257  -847.745
258  -1362.81
259  -1875.57
260  -2298.15
261  -2591.65
262  -2748.49
263  -2767.9
264  -2654.29
265  -2425.18
266  -2114.78
267  -1773.36
268  -1447.33
269  -1160.55
270  -922.69
271  -738.404
272  -609.285
273  -530.982
274  -492.21
275  -476.086
276  -466.62
277  -455.38
278  -439.593
279  -415.758
280  -381.346
281  -338.682
282  -292.87
283  -249.009
284  -210.228
285  -177.155
286  -150.508
287  -132.4
288  -121.902
289  -117.337
290  -115.503
291  -114.978
292  -114.564
293  -113.048
294  -111.23
295  -107.513
296  -101.967
297  -95.2246
298  -88.6887
299  -82.3746
300  -77.2579
301  -73.2056
302  -68.8275
303  -65.2732
304  -63.0677
305  -61.7348
306  -61.5181
307  -59.5551
308  -57.9447
309  -55.3507
310  -53.5825
311  -52.0453
312  -49.9204
313  -47.6599
314  -46.0588
315  -44.7896
316  -43.8392
317  -43.6205
318  -42.9276
319  -42.0798
320  -40.5621
321  -38.7213
322  -37.8707
323  -36.7415
324  -36.114
325  -34.3511
326  -32.8548
327  -32.5268
328  -32.2248
329  -31.8505
330  -31.0028
331  -30.1856
332  -29.6028
333  -29.0279
334  -28.8
335  -28.7715
336  -28.233
337  -27.4984
338  -26.4472
339  -26.5139
340  -27.1053
341  -26.8085
342  -25.4984
343  -25.2414
344  -24.5244
345  -24.4602
346  -24.4447
347  -23.7413
348  -22.5237
349  -20.6482
350  -17.6996
351  -14.873
352  -12.6407
353  -11.5372
354  -11.096
355  -12.7562
356  -16.2773
357  -20.9654
358  -26.1301
359  -30.2192
360  -32.3151
361  -33.6431
362  -33.4695
363  -31.9158
364  -28.5819
365  -24.093
366  -19.6202
367  -15.832
368  -13.1656
369  -11.3819
370  -11.3441
371  -11.2022
372  -11.7499
373  -13.2683
374  -14.6998
375  -16.1968
376  -16.6911
377  -16.9293
378  -16.8405
379  -16.3793
380  -15.3316
381  -14.5399
382  -13.6379
383  -12.8639
384  -12.0982
385  -11.5564
386  -11.5226
387  -11.0765
388  -10.9248
389  -10.76
390  -11.1255
391  -11.1783
392  -11.9134
393  -12.3454
394  -12.8934
395  -12.7277
396  -12.1253
397  -12.0875
398  -12.531
399  -12.4628
400  -11.7328
401  -11.5262
402  -11.729
403  -11.1259
404  -11.3804
405  -11.3557
406  -10.5257
407  -10.1738
408  -9.64053
409  -9.32778
410  -9.16503
411  -8.60288
412  -8.76707
413  -9.1983
414  -9.26256
415  -9.66219
416  -10.2459
417  -10.2354
418  -10.3815
419  -10.1975
420  -10.2494
421  -9.94691
422  -9.90028
423  -9.56629
424  -9.07658
425  -8.73769
426  -8.85068
427  -8.84473
428  -8.59661
429  -8.69163
430  -8.69078
431  -8.54438
432  -8.50671
433  -8.11841
434  -7.6118
435  -7.64488
436  -7.48421
437  -7.21077
438  -7.3834
439  -7.19577
440  -7.15948
441  -7.34298
442  -6.95609
443  -6.98826
444  -6.74345
445  -7.14393
446  -7.07764
447  -7.12834
448  -7.15336
449  -7.22868
450  -7.38091
451  -7.06374
452  -6.41383
453  -5.74007
454  -5.10747
455  -4.07148
456  -2.253
457  -0.154274
458  2.42408
459  4.45
460  6.35928
461  6.68327
462  6.42516
463  4.54978
464  1.4674
465  -2.52747
466  -6.55814
467  -10.082
468  -13.035
469  -14.925
470  -15.3897
471  -15.1504
472  -13.4199
473  -11.7213
474  -8.74767
475  -5.77592
476  -2.94962
477  1.26356
478  5.41751
479  9.86302
480  13.4605
481  15.3446
482  15.3607
483  13.4669
484  8.29191
485  1.21432
486  -6.3522
487  -13.619
488  -20.1195
489  -24.62
490  -26.8611
491  -26.5005
492  -24.1657
493  -19.9807
494  -14.8782
495  -9.7958
496  -5.42167
497  -2.25548
498  -0.56031
499  0.417838
500  -0.276496
501  -1.91747
502  -3.61824
503  -5.25329
504  -6.84237
505  -8.00924
506  -8.55456
507  -8.46543
508  -7.91662
509  -6.38018
510  -5.54455
511  -3.79157
512  -2.884
513  -2.57588
514  -2.04163
515  -1.73777
516  -1.96236
517  -2.47238
518  -3.02458
519  -3.251
520  -3.44445
521  -3.45546
522  -3.16135
523  -3.14153
524  -3.00616
525  -2.88234
526  -2.53888
527  -2.23494
528  -1.94212
529  -1.94717
530  -2.06944
531  -1.80195
532  -2.22572
533  -2.15493
534  -2.38901
535  -2.69313
536  -2.59317
537  -2.73711
538  -2.39042
539  -2.35058
540  -2.40542
541  -2.94168
542  -2.59794
543  -2.4541
544  -2.24384
545  -2.2784
546  -2.09075
547  -2.30425
548  -2.46625
549  -2.36541
550  -2.38807
551  -2.11798
552  -2.21734
553  -2.10981
554  -2.09284
555  -1.6286
556  -1.64984
557  -1.61826
558  -1.86233
559  -1.73159
560  -1.82264
561  -2.19512
562  -1.88588
563  -2.18973
564  -2.44887
565  -2.60112
566  -2.61061
567  -2.62701
568  -2.43084
569  -2.29893
570  -2.76656
571  -2.35572
572  -2.65618
573  -2.50827
574  -2.29222
575  -2.2582
576  -2.36197
577  -2.59947
578  -2.28124
579  -1.71988
580  -1.92452
581  -2.0458
582  -1.84409
583  -1.85353
584  -2.00568
585  -1.66353
586  -2.06265
587  -2.34763
588  -2.26062
589  -2.2688
590  -2.23014
591  -2.20266
592  -1.93382
593  -1.78607
594  -1.49853
595  -1.58131
596  -1.56969
597  -1.29255
598  -1.62791
599  -1.43331
600  -1.68976
601  -1.56665
602  -1.81556
603  -2.06041
604  -1.71792
605  -1.76615
606  -1.8378
607  -1.63417
608  -1.55879
609  -1.91099
610  -1.64145
611  -1.52962
612  -1.5213
613  -1.44338
614  -1.29859
615  -1.15752
616  -1.51178
617  -1.38979
618  -1.74004
619  -1.46061
620  -1.72327
621  -1.51095
622  -2.05724
623  -2.1123
624  -2.02722
625  -2.03263
626  -1.84103
627  -1.78009
628  -1.68416
629  -1.6157
630  -1.81757
631  -1.14418
632  -1.24144
633  -1.48286
634  -1.38259
635  -1.39392
636  -1.8002
637  -1.75072
638  -1.72096
639  -2.27005
640  -2.15097
641  -2.00099
642  -2.13822
643  -1.5833
644  -1.86309
645  -1.54567
646  -1.97086
647  -1.50169
648  -1.37143
649  -1.27742
650  -1.33812
651  -1.70058
652  -1.25266
653  -1.24809
654  -1.59005
655  -1.80971
656  -1.42138
657  -1.38725
658  -1.27537
659  -1.51313
660  -1.57717
661  -1.5442
662  -1.02334
663  -1.32178
664  -1.25027
665  -1.00293
666  -1.02025
667  -1.09266
668  -0.779344
669  -1.02214
670  -1.11152
671  -1.19028
672  -1.05584
673  -1.34218
674  -1.03564
675  -1.35819
676  -1.52297
677  -0.949493
678  -1.41236
679  -1.40465
680  -1.46198
681  -1.97208
682  -1.56464
683  -1.62755
684  -1.44592
685  -1.16679
686  -1.30865
687  -1.09872
688  -0.94545
689  -0.242257
690  -0.583134
691  -0.942721
692  -0.764666
693  -1.16608
694  -1.31924
695  -1.38123
696  -1.35339
697  -1.32701
698  -1.69964
699  -1.44068
700  -1.52989
701  -1.1856
702  -1.19158
703  -1.18597
704  -1.1211
705  -1.05695
706  -1.09141
707  -0.750762
708  -0.503279
709  -0.912042
710  -0.68801
711  -0.680175
712  -0.886847
713  -1.12991
714  -1.06422
715  -1.26167
716  -1.16674
717  -1.41574
718  -1.12716
719  -1.4753
720  -1.75767
721  -1.17247
722  -1.3508
723  -1.16577
724  -1.29563
725  -1.42941
726  -0.875275
727  -1.19126
728  -1.21132
729  -0.876449
730  -1.19451
731  -1.19696
732  -1.02864
733  -1.16267
734  -1.30444
735  -1.09765
736  -0.912347
737  -0.88436
738  -1.48459
739  -0.706136
740  -0.856817
741  -0.710799
742  -1.01922
743  -0.818021
744  -0.957604
745  -1.00921
746  -1.30666
747  -1.06752
748  -1.08752
749  -1.0456
750  -0.689043
751  -0.783723
752  -1.17562
753  -1.08087
754  -1.03114
755  -1.36623
756  -1.19706
757  -1.08485
758  -1.38083
759  -1.30729
760  -1.45989
761  -1.36883
762  -1.66227
763  -1.71975
764  -1.35745
765  -1.65257
766  -2.04659
767  -1.5796
768  -1.31321
769  -1.31767
770  -1.32479
771  -1.50257
772  -1.36166
773  -1.13372
774  -1.00842
775  -1.045
776  -1.43425
777  -1.46669
778  -1.32652
779  -1.58632
780  -1.50096
781  -1.32658
782  -1.3939
783  -1.45254
784  -1.75082
785  -1.25564
786  -1.31759
787  -1.33898
788  -1.55132
789  -1.07814
790  -1.166
791  -0.966924
792  -1.07614
793  -1.18304
794  -1.3091
795  -1.2735
796  -1.50137
797  -1.08635
798  -1.5653
799  -1.37415
800  -1.55325
801  -1.27017
802  -1.15184
803  -1.27333
804  -1.09093
805  -1.43262
806  -1.50207
807  -1.51989
808  -1.43137
809  -1.95682
810  -1.69893
811  -1.89664
812  -1.9412
813  -2.1609
814  -1.95397
815  -1.9878
816  -2.45969
817  -2.17465
818  -1.95995
819  -2.24766
820  -2.21849
821  -2.10545
822  -1.99842
823  -1.77181
824  -2.12039
825  -2.1512
826  -2.53613
827  -2.3054
828  -2.45004
829  -1.87595
830  -2.26329
831  -2.10609
832  -2.03441
833  -2.04958
834  -1.82394
835  -1.89611
836  -2.1475
837  -2.29634
838  -2.32518
839  -2.20087
840  -1.67189
841  -2.17155
842  -2.30062
843  -2.13771
844  -2.2919
845  -1.96381
846  -2.55481
847  -2.56707
848  -2.23873
849  -1.98801
850  -2.10208
851  -1.81164
852  -2.08783
853  -1.58788
854  -2.03609
855  -1.59438
856  -2.26401
857  -2.16996
858  -2.06651
859  -2.05939
860  -2.11067
861  -2.55315
862  -2.63374
863  -2.6334
864  -2.74111
865  -2.72916
866  -2.56807
867  -2.59249
868  -2.75288
869  -2.46847
870  -2.55891
871  -2.40628
872  -2.67592
873  -2.89584
874  -2.78619
875  -2.94772
876  -2.98081
877  -3.00871
878  -2.84695
879  -2.8961
880  -2.98807
881  -3.40245
882  -3.39467
883  -3.81795
884  -3.44971
885  -3.59463
886  -3.45878
887  -3.56166
888  -3.93557
889  -4.15921
890  -4.24803
891  -4.4482
892  -4.55292
893  -4.62332
894  -4.78999
895  -5.22961
896  -5.43031
897  -5.50405
898  -5.96969
899  -5.6999
900  -6.08107
901  -6.32155
902  -6.40192
903  -6.68653
904  -7.24266
905  -7.30763
906  -6.96141
907  -7.61979
908  -6.92919
909  -7.55707
910  -7.92769
911  -8.22694
912  -8.17517
913  -8.79312
914  -9.22265
915  -9.36689
916  -9.5881
917  -9.76486
918  -9.44116
919  -9.70138
920  -9.92576
921  -9.70933
922  -9.47429
923  -9.49704
924  -9.64698
925  -10.0188
926  -9.82707
927  -9.94469
928  -9.38668
929  -9.43604
930  -8.93862
931  -8.83227
932  -8.58517
933  -7.80484
934  -7.48745
935  -7.38396
936  -7.15339
937  -6.66129
938  -6.31041
939  -6.44712
940  -6.42219
941  -6.18191
942  -5.82222
943  -5.76014
944  -6.07599
945  -5.90841
946  -6.29854
947  -5.93105
948  -5.45059
949  -5.32352
950  -5.39591
951  -4.78362
952  -4.4425
953  -4.66182
954  -4.3308
955  -4.11374
956  -4.05687
957  -4.02566
958  -4.18247
959  -4.10345
960  -3.93871
961  -3.78125
962  -3.59603
963  -3.56338
964  -3.69716
965  -2.98202
966  -3.17616
967  -3.24682
968  -3.22709
969  -3.00047
970  -2.63011
971  -3.27081
972  -3.16354
973  -2.89937
974  -2.75039
975  -2.99251
976  -2.81647
977  -2.67189
978  -2.69255
979  -2.69035
980  -2.90096
981  -2.4581
982  -2.72668
983  -2.75762
984  -2.79038
985  -2.75703
986  -2.57745
987  -2.10584
988  -2.39752
989  -2.07753
990  -2.60494
991  -2.29806
992  -2.07218
993  -2.13704
994  -2.19491
995  -2.11237
996  -2.11342
997  -1.75309
998  -1.96874
999  -1.74407
1000  -2.0617
1001  -1.91029
1002  -1.75912
1003  -2.15866
1004  -1.71685
1005  -1.9382
1006  -2.04221
1007  -1.95301
1008  -1.7351
1009  -1.68101
1010  -1.75268
1011  -1.63077
1012  -1.82539
1013  -1.8105
1014  -1.59886
1015  -1.60497
1016  -1.88712
1017  -1.91794
1018  -1.55783
1019  -1.77
1020  -1.38903
1021  -1.67657
1022  -1.73654
1023  -1.7655
1024  -1.57257
1025  -1.75045
1026  -1.55
1027  -1.61573
1028  -1.50792
1029  -1.79153
1030  -2.02388
1031  -1.95934
1032  -2.02903
1033  -1.94113
1034  -1.57053
1035  -1.68647
1036  -1.89288
1037  -1.88732
1038  -1.8836
1039  -2.00731
1040  -1.89794
1041  -1.27084
1042  -1.34291
1043  -1.2643
1044  -1.2057
1045  -1.58277
1046  -1.06878
1047  -1.24077
1048  -1.15222
1049  -1.34728
1050  -1.23832
1051  -1.38525
1052  -1.43578
1053  -1.58087
1054  -1.57635
1055  -1.44243
1056  -1.57611
1057  -1.46471
1058  -1.33621
1059  -1.65878
1060  -1.47772
1061  -1.57833
1062  -1.66454
1063  -1.34366
1064  -1.35868
1065  -1.47058
1066  -1.43621
1067  -1.72674
1068  -1.59539
1069  -1.88982
1070  -1.47788
1071  -1.46684
1072  -1.86306
1073  -1.95671
1074  -1.89313
1075  -1.93846
1076  -2.01287
1077  -1.70168
1078  -1.7125
1079  -1.89695
1080  -1.66657
1081  -1.30694
1082  -1.38822
1083  -1.41143
1084  -1.49511
1085  -1.16211
1086  -1.29679
1087  -1.37355
1088  -1.21973
1089  -1.50918
1090  -1.18936
1091  -1.51184
1092  -1.0762
1093  -1.16771
1094  -1.42729
1095  -1.1629
1096  -1.11469
1097  -0.988192
1098  -0.88691
1099  -1.30767
1100  -1.42355
1101  -1.07504
1102  -1.06781
1103  -1.15048
1104  -1.06418
1105  -1.03635
1106  -0.981648
1107  -0.908164
1108  -1.19881
1109  -1.22391
1110  -1.26986
1111  -0.907642
1112  -1.1512
1113  -0.967412
1114  -0.785861
1115  -0.918382
1116  -1.2508
1117  -1.19551
1118  -0.995418
1119  -0.890304
1120  -0.773634
1121  -0.920005
1122  -0.730911
1123  -0.812234
1124  -1.00033
1125  -0.898608
1126  -1.16717
1127  -0.810883
1128  -1.18187
1129  -0.835
1130  -0.528419
1131  -0.955625
1132  -1.13109
1133  -0.888675
1134  -0.917411
1135  -1.36531
1136  -0.836452
1137  -1.004
1138  -0.978786
1139  -1.00522
1140  -0.548336
1141  -0.811962
1142  -0.997894
1143  -0.627284
1144  -0.888033
1145  -1.05349
1146  -1.14642
1147  -1.33336
1148  -1.15514
1149  -1.04746
1150  -1.10082
1151  -0.954781
1152  -0.992435
1153  -1.03989
1154  -1.30826
1155  -0.775161
1156  -1.0789
1157  -1.23326
1158  -0.834274
1159  -0.823281
1160  -0.837061
1161  -1.02219
1162  -0.780896
1163  -1.01451
1164  -1.17609
1165  -0.657604
1166  -1.0598
1167  -0.669545
1168  -0.822697
1169  -0.411598
1170  -0.77638
1171  -0.514834
1172  -0.868685
1173  -0.864898
1174  -0.5362
1175  -0.761924
1176  -0.793964
1177  -1.02005
1178  -1.07489
1179  -0.876689
1180  -0.76623
1181  -0.825405
1182  -0.42803
1183  -0.616967
1184  -0.695777
1185  -0.581186
1186  -0.711601
1187  -0.662904
1188  -0.621503
1189  -0.971737
1190  -0.97081
1191  -0.839876
1192  -0.518502
1193  -0.709036
1194  -1.06874
1195  -0.780174
1196  -0.898726
1197  -0.894426
1198  -0.81095
1199  -0.572933
1200  -0.550906
1201  -0.693226
1202  -0.707537
1203  -0.520227
1204  -0.705487
1205  -0.793225
1206  -0.924629
1207  -0.709447
1208  -0.413338
1209  -0.849341
1210  -0.799529
1211  -0.66454
1212  -0.868309
1213  -0.788625
1214  -0.785971
1215  -0.912758
1216  -0.753174
1217  -0.604025
1218  -1.06296
1219  -0.989223
1220  -0.578669
1221  -0.843675
1222  -0.497691
1223  -0.683479
1224  -0.727658
1225  -0.457205
1226  -0.534895
1227  -0.838239
1228  -0.846891
1229  -0.719316
1230  -0.941963
1231  -0.681569
1232  -0.869258
1233  -0.716722
1234  -0.676358
1235  -0.612734
1236  -0.624843
1237  -0.468576
1238  -0.516595
1239  -0.619838
1240  -0.715303
1241  -0.754295
1242  -0.694436
1243  -0.585823
1244  -1.08033
1245  -0.992355
1246  -1.0958
1247  -0.776052
1248  -0.83137
1249  -0.644115
1250  -0.648231
1251  -0.77377
1252  -0.803435
1253  -0.692219
1254  -0.491631
1255  -0.849475
1256  -0.535876
